74
ARATH26614  0.0000000 2.2327961 2.2327961 2.2463033 2.3701314 2.4831230 1.8494770 2.2215903 2.3489572 2.5242450 2.1832853 2.2382377 2.3443946 2.5667430 2.5667430 0.7325940 0.7268372 0.7579711 0.7172571 0.7272386 0.6505557 0.7290370 0.8545317 0.6655309 0.6597678 0.7578799 0.4878156 0.4025604 0.4455852 0.4640585 0.4591386 0.4700315 0.4295582 0.4361410 0.4243036 0.1476343 0.1920754 0.1734906 0.1813133 0.0495962 0.4314393 0.3870442 0.4137999 0.4140269 0.4270794 1.9535339 2.4802258 2.3739346 2.4087309 2.4857227 0.7580517 0.6720768 0.7466511 0.8297244 0.7567798 0.9349092 0.7601505 0.9342373 0.6577863 0.6831971 0.6152658 0.6544721 0.6326713 0.3875881 0.4741236 0.3840480 0.4423433 0.4875822 0.4321508 0.4378524 0.4235962 0.3979272 0.4129381 0.4168572 
ICHMU00745  2.2327961 0.0000000 0.0000010 0.9202295 1.5123341 2.2073893 1.9091143 1.9307333 2.0853522 2.0552457 2.1360616 2.1088447 1.9590485 1.9555211 1.9555211 2.0676660 2.2208011 2.3174058 2.2086839 2.0181641 2.1540294 2.0819223 2.3050732 2.2389012 2.2388646 2.2815634 2.0953331 2.0965503 2.2243258 2.1946550 2.1306529 2.1850539 2.0522254 2.1962300 2.1975112 2.2931406 2.1603528 2.2007189 2.2280369 2.2137547 2.2333231 2.1730361 2.1029652 2.1048393 2.1879578 2.2732676 1.7285523 1.3814904 2.2361739 2.2417163 2.0651871 2.2482819 2.2513298 2.0332641 2.2994950 2.2620153 2.2903800 2.2721699 2.1432526 2.1395262 2.1390327 2.0339006 2.0643525 2.1002013 2.2354991 2.1567765 2.1188377 2.3026164 2.1185996 2.0922429 2.1324264 2.1601710 2.1022943 2.0893334 
ICHMG07310  2.2327961 0.0000010 0.0000000 0.9202295 1.5123341 2.2073893 1.9091143 1.9307333 2.0853522 2.0552457 2.1360616 2.1088447 1.9590485 1.9555211 1.9555211 2.0676660 2.2208011 2.3174058 2.2086839 2.0181641 2.1540294 2.0819223 2.3050732 2.2389012 2.2388646 2.2815634 2.0953331 2.0965503 2.2243258 2.1946550 2.1306529 2.1850539 2.0522254 2.1962300 2.1975112 2.2931406 2.1603528 2.2007189 2.2280369 2.2137547 2.2333231 2.1730361 2.1029652 2.1048393 2.1879578 2.2732676 1.7285523 1.3814904 2.2361739 2.2417163 2.0651871 2.2482819 2.2513298 2.0332641 2.2994950 2.2620153 2.2903800 2.2721699 2.1432526 2.1395262 2.1390327 2.0339006 2.0643525 2.1002013 2.2354991 2.1567765 2.1188377 2.3026164 2.1185996 2.0922429 2.1324264 2.1601710 2.1022943 2.0893334 
TETTS02693  2.2463033 0.9202295 0.9202295 0.0000000 1.3156889 2.2033630 1.5320800 1.8548342 1.8964339 2.0269556 1.9189417 1.8459100 1.7906990 1.9586915 1.9586915 2.1752280 2.3631882 2.4678736 2.3657443 2.3153914 2.2279511 2.2399651 2.7017354 2.1613751 2.2107579 2.3643460 2.2312409 1.9658666 2.1470236 2.1365260 2.2136177 2.1807944 2.0657062 2.2303710 2.2436016 2.2643350 2.1986333 2.1912431 2.2107663 2.2558181 2.2813544 2.1987142 2.1467280 2.1769896 2.2905961 2.0675234 1.5902962 1.4078420 1.8668132 1.9530148 2.2523514 2.1939383 2.4150208 2.2495636 2.4340855 2.3942945 2.4258160 2.3942630 2.2640995 2.2919603 2.2508437 2.2308581 2.2007570 1.9895219 2.1410525 1.9817621 2.1339132 2.1581240 2.0696779 2.0814009 2.1558617 2.1954261 2.1705863 2.1544915 
PSEPJ02990  2.3701314 1.5123341 1.5123341 1.3156889 0.0000000 2.1746623 1.8112172 1.9661961 1.9613616 2.2930037 1.8679324 2.0156222 2.0242851 2.1175186 2.1175186 2.4349647 2.5213476 2.7219198 2.4748705 2.5685951 2.5418421 2.5956183 2.5583620 2.3899505 2.4135000 2.5296113 2.6151587 2.0843005 2.4794085 2.5580621 2.6073031 2.5367059 2.4376148 2.4856774 2.5540346 2.4281362 2.3488382 2.3542129 2.3758795 2.3672484 2.5375845 2.4368090 2.4428626 2.4094275 2.6207060 2.4740511 1.6958187 1.3685286 2.0673818 2.1364809 2.3449086 2.3451685 2.5660017 2.3938984 2.5335564 2.5234281 2.5209911 2.5169011 2.6209473 2.5427266 2.4815654 2.6045869 2.4917350 2.2213164 2.4236413 2.2650607 2.4086044 2.6256907 2.5046596 2.4571278 2.4261523 2.3636387 2.4225716 2.4524598 
POLPP02182  2.4831230 2.2073893 2.2073893 2.2033630 2.1746623 0.0000000 1.3139273 1.4905672 2.0897684 2.4151167 2.0059682 2.1498934 2.1042441 2.3154631 2.3154631 2.3076439 2.3441125 2.3005463 2.2969030 2.5347016 2.4504202 2.5378650 2.5980037 2.3444867 2.3846808 2.4101976 2.4504794 2.2031548 2.3319441 2.4416493 2.5236153 2.5305577 2.3815142 2.4686243 2.4708381 2.5033269 2.4413853 2.4523096 2.5041205 2.4908042 2.4578893 2.3561638 2.3520169 2.3596741 2.3846346 2.5400372 2.2916482 2.1182579 2.3407552 2.3955640 2.3534454 2.0932486 2.3408818 2.4484942 2.3231937 2.4686357 2.3143598 2.4674390 2.4510971 2.4726541 2.4724371 2.3783003 2.4398837 2.2877841 2.3165005 2.3026063 2.4816555 2.4179752 2.3722026 2.3969246 2.2826201 2.3300635 2.3938125 2.3606682 
DICDI03960  1.8494770 1.9091143 1.9091143 1.5320800 1.8112172 1.3139273 0.0000000 0.5670550 1.7424417 1.8318039 1.8313546 1.9948179 1.8407504 1.9593236 1.9593236 1.8999043 1.8284475 1.8276907 1.8191565 1.8928444 1.9046557 1.9437242 1.8959860 1.8188991 1.8615431 1.9813624 1.8570570 1.8107810 1.9202245 1.8677028 1.8968165 1.9153004 1.8229505 1.8941703 1.8145924 1.9098066 1.8079272 1.8512935 1.8693989 1.8279660 1.9607485 1.8121346 1.8497868 1.8889744 1.9225965 2.0780755 1.9467402 1.8367197 1.9769361 1.9844782 1.9326472 1.7757218 1.7999340 1.9665587 1.8371060 2.0412742 1.8455376 1.9987239 1.7915088 1.9235372 1.9284628 1.8328956 1.8916862 1.8901770 1.9957084 1.8586579 1.8932401 1.9589167 1.8941279 1.8547904 1.8258908 1.8421925 1.8756547 1.8588298 
DICPU08696  2.2215903 1.9307333 1.9307333 1.8548342 1.9661961 1.4905672 0.5670550 0.0000000 1.9997408 2.2256875 1.9549204 2.1767545 1.8677964 2.2062101 2.2062101 2.1256390 2.2047431 2.2339741 2.1498373 2.1391772 2.2034231 2.2090083 2.2727154 2.1202771 2.1987738 2.3096685 2.0950583 1.8566892 2.1176731 2.1474588 2.2227753 2.2045854 2.0494729 2.2010105 2.1719409 2.2265824 2.2092117 2.2133738 2.2764517 2.2547392 2.1715091 2.1685121 2.0738292 2.0937549 2.1668111 2.3367244 2.3055122 2.0926189 2.1948829 2.2890583 2.2074931 1.9477861 2.1411570 2.1935421 2.1905485 2.3347520 2.1816788 2.2702705 2.2539048 2.3006669 2.1612230 2.1188648 2.1636605 1.9652172 1.9930928 1.9862741 2.1573730 2.2031849 2.1365993 2.0911705 2.1217150 2.1431572 2.0990209 2.0755033 
BODSA09965  2.3489572 2.0853522 2.0853522 1.8964339 1.9613616 2.0897684 1.7424417 1.9997408 0.0000000 1.3681598 1.3519522 1.4589260 1.9272703 1.7737795 1.7737795 2.2448431 2.3620297 2.6041742 2.3418145 2.3952000 2.3128010 2.5766306 2.6239078 2.2854508 2.3128016 2.3264025 2.3791886 2.0931903 2.3640182 2.3600572 2.3901066 2.4608082 2.3869062 2.3583054 2.3765698 2.4510379 2.4408776 2.4443923 2.4523116 2.3590327 2.3626937 2.3134560 2.3271752 2.3278370 2.2922548 2.1351032 2.0150621 1.9314560 2.1804602 2.2460681 2.3088764 2.2221947 2.4795386 2.4438849 2.4270672 2.5850132 2.4085587 2.6351605 2.5300180 2.4603647 2.3325481 2.3258469 2.3215505 2.1617774 2.2277979 2.2184162 2.3728559 2.4177130 2.3583170 2.3286427 2.2544749 2.2370822 2.3292598 2.3339359 
LEIBR00777  2.5242450 2.0552457 2.0552457 2.0269556 2.2930037 2.4151167 1.8318039 2.2256875 1.3681598 0.0000000 1.2189114 1.3024597 2.0223658 1.8414742 1.8414742 2.4065931 2.5101974 2.6495363 2.5079425 2.5655009 2.4618695 2.6432445 2.7007645 2.3745924 2.3687463 2.5818386 2.7006869 2.2078339 2.4278944 2.5122443 2.6091660 2.6171686 2.6875575 2.5917167 2.3761054 2.6380437 2.5414826 2.5865088 2.6070041 2.5243722 2.6287975 2.4442980 2.5323186 2.5421224 2.6287737 2.1211020 2.2421746 2.0607398 2.3053025 2.3434540 2.2786643 2.2979196 2.5367559 2.3529960 2.5860852 2.4418055 2.5778516 2.5244273 2.4407486 2.4860250 2.4401612 2.4167753 2.4133199 2.2804658 2.4402589 2.2398352 2.5785027 2.5737964 2.4883702 2.4990664 2.5265554 2.3765496 2.5281918 2.5335974 
TRYCC07250  2.1832853 2.1360616 2.1360616 1.9189417 1.8679324 2.0059682 1.8313546 1.9549204 1.3519522 1.2189114 0.0000000 0.9370831 1.9297839 1.8190517 1.8190517 1.9732307 2.2674938 2.3818675 2.2609894 2.3275343 2.4221576 2.5959493 2.2433341 2.2349710 2.2861578 2.2807149 2.2955063 2.0948763 2.3411116 2.3046681 2.3820174 2.4316879 2.3238976 2.3189678 2.1980014 2.2170891 2.1335070 2.2382275 2.2582767 2.1861212 2.3756079 2.2599751 2.2930986 2.3156228 2.2658328 2.1742635 1.9648112 1.7983488 2.2158429 2.2178222 2.0800879 2.1279090 2.3629952 2.1242234 2.3189371 2.2976758 2.3031111 2.3968583 2.2930390 2.2711435 2.2599783 2.3158117 2.2427739 2.2790220 2.3886031 2.3053011 2.3751884 2.4746131 2.3413917 2.3521634 2.2081831 2.1418595 2.3207809 2.2964988 
TRYB200995  2.2382377 2.1088447 2.1088447 1.8459100 2.0156222 2.1498934 1.9948179 2.1767545 1.4589260 1.3024597 0.9370831 0.0000000 1.9655861 1.9112510 1.9112510 2.2132988 2.3377011 2.4518035 2.3142389 2.4455944 2.3445411 2.4873231 2.4118997 2.2609243 2.3195474 2.4660235 2.3142721 2.1257698 2.2307218 2.3082034 2.3278931 2.4170178 2.4667844 2.4054343 2.2520224 2.3262110 2.1689975 2.2750052 2.3092508 2.2426761 2.3363013 2.2665261 2.2983350 2.3213404 2.3470042 2.0384170 2.1110885 1.9960425 2.3364100 2.3486028 2.2376751 2.1738197 2.3876376 2.3415175 2.4124842 2.4670729 2.4013603 2.4590029 2.3096574 2.2591878 2.2501579 2.2196348 2.2313921 2.3210197 2.3953677 2.2974554 2.3449760 2.4482221 2.3670739 2.3550737 2.2000062 2.1544603 2.3298628 2.3012061 
NAEGR09551  2.3443946 1.9590485 1.9590485 1.7906990 2.0242851 2.1042441 1.8407504 1.8677964 1.9272703 2.0223658 1.9297839 1.9655861 0.0000000 2.1155583 2.1155583 2.3066354 2.1769869 2.1242657 2.1226907 2.2167869 2.1864398 2.1988016 2.5147804 2.2988785 2.3288581 2.3120839 2.3590724 2.1411840 2.3780440 2.2619240 2.3343493 2.3425666 2.0938026 2.3892648 2.4553283 2.3613234 2.2998994 2.3468672 2.3482799 2.3334696 2.4227692 2.3589086 2.3067826 2.2899179 2.3399149 2.2444951 1.9946224 1.9604489 2.2635105 2.3281207 2.4046204 1.9825467 2.1760254 2.5315229 2.1688114 2.6300611 2.1575370 2.6168179 2.2165388 2.2320769 2.1757920 2.2186140 2.1605770 2.3952249 2.4642479 2.3393755 2.1580612 2.3468029 2.2828099 2.2233669 2.2430381 2.3470665 2.2961720 2.3114565 
CYAME00604  2.5667430 1.9555211 1.9555211 1.9586915 2.1175186 2.3154631 1.9593236 2.2062101 1.7737795 1.8414742 1.8190517 1.9112510 2.1155583 0.0000000 0.0000010 2.5132466 2.3765901 2.4378100 2.3589006 2.4497611 2.4281826 2.6669228 2.6285611 2.5178644 2.6143825 2.4429847 2.6196397 2.2834124 2.4997111 2.4494728 2.6374422 2.7538242 2.5717241 2.5953748 2.4578079 2.6496549 2.5460417 2.6344595 2.6640349 2.5603874 2.6276867 2.5056561 2.4869215 2.4925377 2.6519871 2.3552632 2.1263974 1.9743671 2.0753291 2.1107574 2.6789330 2.2112344 2.4449420 2.6911374 2.3782995 2.8156369 2.3685807 2.8538976 2.4887606 2.4177144 2.4180322 2.3610340 2.4396045 2.4127409 2.4524340 2.4396108 2.5480106 2.7184460 2.5151800 2.5059067 2.4930778 2.5063899 2.4776009 2.5021889 
CYAM104693  2.5667430 1.9555211 1.9555211 1.9586915 2.1175186 2.3154631 1.9593236 2.2062101 1.7737795 1.8414742 1.8190517 1.9112510 2.1155583 0.0000010 0.0000000 2.5132466 2.3765901 2.4378100 2.3589006 2.4497611 2.4281826 2.6669228 2.6285611 2.5178644 2.6143825 2.4429847 2.6196397 2.2834124 2.4997111 2.4494728 2.6374422 2.7538242 2.5717241 2.5953748 2.4578079 2.6496549 2.5460417 2.6344595 2.6640349 2.5603874 2.6276867 2.5056561 2.4869215 2.4925377 2.6519871 2.3552632 2.1263974 1.9743671 2.0753291 2.1107574 2.6789330 2.2112344 2.4449420 2.6911374 2.3782995 2.8156369 2.3685807 2.8538976 2.4887606 2.4177144 2.4180322 2.3610340 2.4396045 2.4127409 2.4524340 2.4396108 2.5480106 2.7184460 2.5151800 2.5059067 2.4930778 2.5063899 2.4776009 2.5021889 
ORYBR30285  0.7325940 2.0676660 2.0676660 2.1752280 2.4349647 2.3076439 1.8999043 2.1256390 2.2448431 2.4065931 1.9732307 2.2132988 2.3066354 2.5132466 2.5132466 0.0000000 0.5863068 0.6300428 0.5788017 0.5512004 0.5385274 0.6255673 0.6650597 0.5694641 0.5598216 0.6067887 0.7240496 0.5717987 0.6912660 0.7411366 0.7729425 0.7617668 0.5914872 0.6684281 0.6812150 0.7364826 0.7672273 0.7339978 0.7462082 0.7301938 0.7534837 0.6871624 0.6778578 0.6857440 0.6781527 1.9656742 2.4109296 2.3626092 2.3892044 2.5038083 0.3613971 0.5117806 0.6316738 0.3604022 0.5987143 0.4804058 0.5965991 0.4825224 0.5336186 0.5861686 0.5373249 0.5874768 0.5477300 0.6344431 0.7366338 0.5446934 0.7003504 0.7782987 0.6910173 0.7158388 0.6887274 0.6805559 0.6953257 0.6800446 
ORYGL19355  0.7268372 2.2208011 2.2208011 2.3631882 2.5213476 2.3441125 1.8284475 2.2047431 2.3620297 2.5101974 2.2674938 2.3377011 2.1769869 2.3765901 2.3765901 0.5863068 0.0000000 0.0280527 0.0131765 0.6019183 0.5793010 0.6898102 0.6738060 0.5945301 0.6052414 0.5314878 0.7723335 0.6232844 0.6792728 0.7919348 0.7930966 0.7910662 0.7143070 0.7290164 0.7240664 0.7614896 0.7682750 0.7324701 0.7470880 0.7445810 0.7942589 0.7244716 0.7558015 0.7514566 0.7295773 1.9186484 2.5716650 2.5245117 2.4814308 2.5799205 0.6067428 0.0212350 0.1242550 0.6522817 0.0157691 0.7660488 0.0142004 0.7732701 0.5610516 0.6022394 0.5602054 0.5845033 0.5849875 0.6870018 0.7659697 0.6276175 0.7593397 0.8339056 0.7490546 0.7487225 0.7094517 0.6978289 0.7523170 0.7545052 
ORYSI24865  0.7579711 2.3174058 2.3174058 2.4678736 2.7219198 2.3005463 1.8276907 2.2339741 2.6041742 2.6495363 2.3818675 2.4518035 2.1242657 2.4378100 2.4378100 0.6300428 0.0280527 0.0000000 0.0117763 0.5961917 0.5880440 0.5862185 0.7011932 0.6353632 0.6421580 0.5471795 0.7757219 0.6009621 0.6629419 0.8244724 0.8595775 0.8638124 0.7831647 0.7787988 0.7934394 0.7879101 0.8048577 0.7685644 0.7783664 0.7801850 0.7751865 0.7696873 0.7907945 0.7781623 0.7656519 1.9103195 2.8399894 2.8225400 2.4803283 2.5896714 0.6744717 0.0181924 0.1147684 0.6696634 0.0039318 0.6916236 0.0059082 0.6877338 0.5972768 0.5945834 0.5798481 0.5842091 0.6010345 0.6697000 0.6900305 0.6640211 0.7999800 0.9119211 0.8100423 0.7888105 0.7606160 0.7547321 0.7756763 0.7841069 
ORYSJ22678  0.7172571 2.2086839 2.2086839 2.3657443 2.4748705 2.2969030 1.8191565 2.1498373 2.3418145 2.5079425 2.2609894 2.3142389 2.1226907 2.3589006 2.3589006 0.5788017 0.0131765 0.0117763 0.0000000 0.5936553 0.5668062 0.6753990 0.6825198 0.5855241 0.5975577 0.5240001 0.7731276 0.6173963 0.6646070 0.7721918 0.7815121 0.7789237 0.6963576 0.7200622 0.7141735 0.7479719 0.7479766 0.7224882 0.7281147 0.7342649 0.7834697 0.7159705 0.7488376 0.7399852 0.7361557 1.9085643 2.5695249 2.5137507 2.4665663 2.5396686 0.6020142 0.0212201 0.1193884 0.6471555 0.0015468 0.7609637 0.0030979 0.7696289 0.5512434 0.5900772 0.5491902 0.5763107 0.5736530 0.6836010 0.7621235 0.6244201 0.7460685 0.8204685 0.7366251 0.7366819 0.6983268 0.6857930 0.7406337 0.7475547 
BRADI23061  0.7272386 2.0181641 2.0181641 2.3153914 2.5685951 2.5347016 1.8928444 2.1391772 2.3952000 2.5655009 2.3275343 2.4455944 2.2167869 2.4497611 2.4497611 0.5512004 0.6019183 0.5961917 0.5936553 0.0000000 0.3098133 0.3765814 0.6614018 0.5270578 0.5747231 0.5762070 0.8079554 0.6236949 0.6595773 0.7642103 0.8175141 0.8500574 0.6852990 0.6885617 0.6841972 0.7588521 0.7652898 0.7405082 0.7535791 0.7339964 0.7042347 0.6751273 0.7128585 0.7212762 0.7206864 1.8851536 2.6423278 2.5198179 2.4629384 2.5987867 0.5544885 0.4854451 0.6159655 0.5875898 0.5952639 0.5888886 0.5928066 0.5452567 0.3319787 0.3674233 0.3169263 0.3064879 0.3190316 0.6279551 0.7401465 0.5674547 0.7551777 0.8202361 0.7349538 0.7537252 0.6612903 0.6528378 0.7307556 0.7187886 
HORVV126779 0.6505557 2.1540294 2.1540294 2.2279511 2.5418421 2.4504202 1.9046557 2.2034231 2.3128010 2.4618695 2.4221576 2.3445411 2.1864398 2.4281826 2.4281826 0.5385274 0.5793010 0.5880440 0.5668062 0.3098133 0.0000000 0.1887233 0.6538408 0.5415384 0.5726746 0.5898658 0.6598964 0.5547074 0.5950352 0.6559540 0.6651656 0.6927732 0.5657111 0.6003099 0.5886907 0.6750026 0.6986704 0.6601031 0.6742436 0.6517733 0.6668483 0.5976071 0.6262079 0.6246396 0.6013136 1.9884360 2.4942477 2.4581640 2.4013108 2.5470776 0.5471441 0.4831889 0.5983948 0.5936066 0.5834358 0.6939872 0.5811002 0.6636643 0.1805710 0.1452624 0.1189068 0.1537280 0.1241968 0.5748344 0.6561768 0.5158990 0.6513659 0.7057079 0.6376194 0.6519119 0.5777022 0.5542089 0.6390664 0.6314921 
AEGTA16793  0.7290370 2.0819223 2.0819223 2.2399651 2.5956183 2.5378650 1.9437242 2.2090083 2.5766306 2.6432445 2.5959493 2.4873231 2.1988016 2.6669228 2.6669228 0.6255673 0.6898102 0.5862185 0.6753990 0.3765814 0.1887233 0.0000000 0.6830226 0.6432291 0.6718958 0.6738031 0.7087801 0.6531613 0.6708192 0.7472809 0.7777279 0.8084773 0.6542332 0.6838013 0.6738166 0.7224438 0.7843024 0.7420414 0.7417436 0.7330710 0.7067933 0.6694890 0.7162014 0.7277121 0.6760772 2.2061616 2.6621977 2.4777681 2.6226697 2.7858924 0.6713745 0.5933223 0.7079610 0.6711007 0.6791203 0.6652392 0.6765073 0.5759267 0.1369939 0.1092564 0.1201141 0.1569536 0.0656622 0.7007322 0.7901608 0.5879644 0.7481795 0.8213867 0.7271972 0.7539300 0.6838743 0.6280773 0.7288633 0.7189011 
ERATE23368  0.8545317 2.3050732 2.3050732 2.7017354 2.5583620 2.5980037 1.8959860 2.2727154 2.6239078 2.7007645 2.2433341 2.4118997 2.5147804 2.6285611 2.6285611 0.6650597 0.6738060 0.7011932 0.6825198 0.6614018 0.6538408 0.6830226 0.0000000 0.6719916 0.7149932 0.6245369 0.8503614 0.6720051 0.8311339 0.8656714 0.9562167 0.9774855 0.8401757 0.8429799 0.8583787 0.8790824 0.9306423 0.9116943 0.8953409 0.8543423 0.8508009 0.8272965 0.8525219 0.8700061 0.8719342 2.1446662 2.9792745 2.9052756 2.4025583 2.5601683 0.6951117 0.6064202 0.6915996 0.6996334 0.6986454 0.7089037 0.6825198 0.6985101 0.6544717 0.6987067 0.6331484 0.6814759 0.6554696 0.7047724 0.8056271 0.6843977 0.8200446 0.9599753 0.8767082 0.8799860 0.8345075 0.7755898 0.8747056 0.8595906 
SORBI14018  0.6655309 2.2389012 2.2389012 2.1613751 2.3899505 2.3444867 1.8188991 2.1202771 2.2854508 2.3745924 2.2349710 2.2609243 2.2988785 2.5178644 2.5178644 0.5694641 0.5945301 0.6353632 0.5855241 0.5270578 0.5415384 0.6432291 0.6719916 0.0000000 0.1517067 0.4908920 0.7481134 0.5769674 0.6771918 0.7499896 0.7891163 0.8157325 0.6475369 0.6803198 0.6600806 0.6989726 0.7194597 0.6855079 0.6882771 0.6691580 0.7383429 0.6908888 0.7330349 0.7410681 0.7122543 1.9903073 2.4258973 2.4153393 2.3531347 2.4431842 0.5881977 0.5149431 0.6432514 0.6396853 0.5982565 0.7338046 0.5958909 0.7200746 0.5273280 0.5776841 0.5316881 0.5393929 0.5407761 0.6349892 0.7188218 0.5738168 0.7310723 0.8255618 0.7321603 0.7497474 0.6872260 0.6723047 0.7458018 0.7374783 
MAIZE29959  0.6597678 2.2388646 2.2388646 2.2107579 2.4135000 2.3846808 1.8615431 2.1987738 2.3128016 2.3687463 2.2861578 2.3195474 2.3288581 2.6143825 2.6143825 0.5598216 0.6052414 0.6421580 0.5975577 0.5747231 0.5726746 0.6718958 0.7149932 0.1517067 0.0000000 0.5011094 0.7365585 0.5647941 0.6628173 0.7434724 0.7650584 0.7854779 0.6395829 0.6754355 0.6408972 0.6981890 0.7057050 0.6820560 0.6891540 0.6640059 0.7490243 0.6871168 0.7363564 0.7347826 0.7126531 1.9552361 2.4394131 2.3105678 2.4227563 2.5565978 0.5876366 0.5296705 0.6240885 0.6474253 0.6082323 0.7510807 0.6058624 0.7389310 0.5611707 0.5983599 0.5662593 0.5798309 0.5687208 0.6237358 0.7084827 0.5469660 0.7300740 0.7961183 0.7204952 0.7262902 0.6603002 0.6474530 0.7426025 0.7408274 
SETIT04466  0.7578799 2.2815634 2.2815634 2.3643460 2.5296113 2.4101976 1.9813624 2.3096685 2.3264025 2.5818386 2.2807149 2.4660235 2.3120839 2.4429847 2.4429847 0.6067887 0.5314878 0.5471795 0.5240001 0.5762070 0.5898658 0.6738031 0.6245369 0.4908920 0.5011094 0.0000000 0.7777545 0.6206518 0.6912760 0.8039574 0.8248064 0.8316534 0.6994572 0.7575344 0.7602110 0.8127719 0.8334782 0.8079501 0.8132697 0.7828669 0.8202645 0.7431016 0.7581534 0.7627535 0.7394873 2.0419683 2.5939927 2.4844171 2.5504875 2.6428538 0.6503813 0.4833457 0.5488459 0.6713021 0.5244790 0.8068367 0.5226901 0.8009374 0.5968619 0.6056261 0.5621177 0.5863658 0.5785978 0.6906617 0.7608304 0.6314954 0.7569211 0.8384199 0.7575197 0.7658485 0.7522153 0.7089017 0.7680877 0.7522516 
NICAT17634  0.4878156 2.0953331 2.0953331 2.2312409 2.6151587 2.4504794 1.8570570 2.0950583 2.3791886 2.7006869 2.2955063 2.3142721 2.3590724 2.6196397 2.6196397 0.7240496 0.7723335 0.7757219 0.7731276 0.8079554 0.6598964 0.7087801 0.8503614 0.7481134 0.7365585 0.7777545 0.0000000 0.1623905 0.4176247 0.4838527 0.4657650 0.4966409 0.4510456 0.4261312 0.3818031 0.6301218 0.5512188 0.5220793 0.5277346 0.4879101 0.4800902 0.3756129 0.4452659 0.4364279 0.3966479 1.8874496 2.6041068 2.4921731 2.5199926 2.5326317 0.7833945 0.6781396 0.8027071 0.8530816 0.7922693 0.9643261 0.7956476 0.9047269 0.6362468 0.7016795 0.6407211 0.7054594 0.6603412 0.4384126 0.5200222 0.3397798 0.4757742 0.5106600 0.4237662 0.4482359 0.4578281 0.4085660 0.4474419 0.4441286 
SOLLC30910  0.4025604 2.0965503 2.0965503 1.9658666 2.0843005 2.2031548 1.8107810 1.8566892 2.0931903 2.2078339 2.0948763 2.1257698 2.1411840 2.2834124 2.2834124 0.5717987 0.6232844 0.6009621 0.6173963 0.6236949 0.5547074 0.6531613 0.6720051 0.5769674 0.5647941 0.6206518 0.1623905 0.0000000 0.3732280 0.3843778 0.3800812 0.3698421 0.3207762 0.3633049 0.3324282 0.4017914 0.4345255 0.4242791 0.4220689 0.3892395 0.3899614 0.3146929 0.3695356 0.3686048 0.3847008 1.9877695 2.1905392 2.1457490 2.1127440 2.1127440 0.6076195 0.6455160 0.6251006 0.6655345 0.6235144 0.8082677 0.6269199 0.7673392 0.5118001 0.6117046 0.5539802 0.5930717 0.5672812 0.4342973 0.5225574 0.4014635 0.3459974 0.4680733 0.3793630 0.3921444 0.3779320 0.3790437 0.3785508 0.3713343 
CUCSA14784  0.4455852 2.2243258 2.2243258 2.1470236 2.4794085 2.3319441 1.9202245 2.1176731 2.3640182 2.4278944 2.3411116 2.2307218 2.3780440 2.4997111 2.4997111 0.6912660 0.6792728 0.6629419 0.6646070 0.6595773 0.5950352 0.6708192 0.8311339 0.6771918 0.6628173 0.6912760 0.4176247 0.3732280 0.0000000 0.3724931 0.3603248 0.3793607 0.3250735 0.3861402 0.3419098 0.4570182 0.4812164 0.4637358 0.4672726 0.4432276 0.3836122 0.3495080 0.3871455 0.3883484 0.3450810 1.9566432 2.3972191 2.3441518 2.4071214 2.4388666 0.7501998 0.6066071 0.6687867 0.7936367 0.6679233 0.9243981 0.6709832 0.8988978 0.5798172 0.6469507 0.5939934 0.6118410 0.6062233 0.4088872 0.4856095 0.3726425 0.3579579 0.4222993 0.3546962 0.3733612 0.4111528 0.3979600 0.3943749 0.3890185 
MEDTR24375  0.4640585 2.1946550 2.1946550 2.1365260 2.5580621 2.4416493 1.8677028 2.1474588 2.3600572 2.5122443 2.3046681 2.3082034 2.2619240 2.4494728 2.4494728 0.7411366 0.7919348 0.8244724 0.7721918 0.7642103 0.6559540 0.7472809 0.8656714 0.7499896 0.7434724 0.8039574 0.4838527 0.3843778 0.3724931 0.0000000 0.1999754 0.2263015 0.2328213 0.3945962 0.3609574 0.4575910 0.4919450 0.4518431 0.4568343 0.4689455 0.4174411 0.3811346 0.4059730 0.4089029 0.3782600 1.8134624 2.4556715 2.4622960 2.4639140 2.4614738 0.7627000 0.7048156 0.7997729 0.8346159 0.8043205 0.9377410 0.8078132 0.9144016 0.6477263 0.7167876 0.6562816 0.7066370 0.6765204 0.3634618 0.4523302 0.3302481 0.2065766 0.2257861 0.1648950 0.1839188 0.4063416 0.3984660 0.4226938 0.4078061 
PHAVU09099  0.4591386 2.1306529 2.1306529 2.2136177 2.6073031 2.5236153 1.8968165 2.2227753 2.3901066 2.6091660 2.3820174 2.3278931 2.3343493 2.6374422 2.6374422 0.7729425 0.7930966 0.8595775 0.7815121 0.8175141 0.6651656 0.7777279 0.9562167 0.7891163 0.7650584 0.8248064 0.4657650 0.3800812 0.3603248 0.1999754 0.0000000 0.0734368 0.2243113 0.4112259 0.3499009 0.4727519 0.5249117 0.4859501 0.4959586 0.4622529 0.4346646 0.3878370 0.4286712 0.4265758 0.3957728 1.8298342 2.5623323 2.5447254 2.4076570 2.4849748 0.8062721 0.6899292 0.8410405 0.8841751 0.8204216 0.9893944 0.8239727 0.9812493 0.6910826 0.7496639 0.6715584 0.7232191 0.6925786 0.3698499 0.4629761 0.3407493 0.1319340 0.1522587 0.1053095 0.1128619 0.4232053 0.4076378 0.4339631 0.4280230 
PHAAN05400  0.4700315 2.1850539 2.1850539 2.1807944 2.5367059 2.5305577 1.9153004 2.2045854 2.4608082 2.6171686 2.4316879 2.4170178 2.3425666 2.7538242 2.7538242 0.7617668 0.7910662 0.8638124 0.7789237 0.8500574 0.6927732 0.8084773 0.9774855 0.8157325 0.7854779 0.8316534 0.4966409 0.3698421 0.3793607 0.2263015 0.0734368 0.0000000 0.2268371 0.4164674 0.3644683 0.4862531 0.5454997 0.5050328 0.5160056 0.4796402 0.4462621 0.3960434 0.4310238 0.4313107 0.4191758 1.8658705 2.6296195 2.6464785 2.4056465 2.4538863 0.8066942 0.6854527 0.8527025 0.8863766 0.8202667 0.9985093 0.8240658 0.9766665 0.7024497 0.7710979 0.6897657 0.7468218 0.7102057 0.3685993 0.4715757 0.3364221 0.1396529 0.1720153 0.1174634 0.1254064 0.4442875 0.4302112 0.4428828 0.4323339 
LUPAN02887  0.4295582 2.0522254 2.0522254 2.0657062 2.4376148 2.3815142 1.8229505 2.0494729 2.3869062 2.6875575 2.3238976 2.4667844 2.0938026 2.5717241 2.5717241 0.5914872 0.7143070 0.7831647 0.6963576 0.6852990 0.5657111 0.6542332 0.8401757 0.6475369 0.6395829 0.6994572 0.4510456 0.3207762 0.3250735 0.2328213 0.2243113 0.2268371 0.0000000 0.3752839 0.3643226 0.4295421 0.4906942 0.4434634 0.4659938 0.4292716 0.4133836 0.3712415 0.3931409 0.3906434 0.3905324 1.7926399 2.4896955 2.4465050 2.3944962 2.4163571 0.6562793 0.6143955 0.7579177 0.6990714 0.7287964 0.8335287 0.7326371 0.8547289 0.6165328 0.6370599 0.5654032 0.6249430 0.5894029 0.2884806 0.3520583 0.2959293 0.2220591 0.2380480 0.1883734 0.1889795 0.3824823 0.3458981 0.4017465 0.3948578 
POPTR27565  0.4361410 2.1962300 2.1962300 2.2303710 2.4856774 2.4686243 1.8941703 2.2010105 2.3583054 2.5917167 2.3189678 2.4054343 2.3892648 2.5953748 2.5953748 0.6684281 0.7290164 0.7787988 0.7200622 0.6885617 0.6003099 0.6838013 0.8429799 0.6803198 0.6754355 0.7575344 0.4261312 0.3633049 0.3861402 0.3945962 0.4112259 0.4164674 0.3752839 0.0000000 0.3228739 0.4430998 0.4714205 0.4525626 0.4626435 0.4391725 0.3190139 0.3170643 0.3546979 0.3576454 0.3156836 1.9991230 2.5452454 2.4849661 2.5604077 2.6117068 0.7217358 0.6757317 0.7492794 0.7856683 0.7473360 0.9041775 0.7503334 0.8713861 0.6135374 0.6343297 0.5646089 0.6290804 0.5883992 0.3892180 0.4623802 0.3448969 0.3959422 0.4301947 0.3610500 0.3704177 0.3119865 0.2879751 0.3704673 0.3566044 
PRUPE01558  0.4243036 2.1975112 2.1975112 2.2436016 2.5540346 2.4708381 1.8145924 2.1719409 2.3765698 2.3761054 2.1980014 2.2520224 2.4553283 2.4578079 2.4578079 0.6812150 0.7240664 0.7934394 0.7141735 0.6841972 0.5886907 0.6738166 0.8583787 0.6600806 0.6408972 0.7602110 0.3818031 0.3324282 0.3419098 0.3609574 0.3499009 0.3644683 0.3643226 0.3228739 0.0000000 0.4226716 0.4573334 0.4333446 0.4593247 0.4220666 0.3146708 0.3074129 0.3541040 0.3585743 0.2846883 1.8178087 2.4177446 2.3997405 2.3532534 2.3866832 0.7059007 0.6353336 0.7606317 0.7702186 0.7500001 0.8971335 0.7533870 0.9090255 0.6193693 0.6332922 0.5760620 0.6207391 0.5816353 0.3358618 0.3944050 0.3558432 0.3606111 0.4019143 0.3569352 0.3496705 0.3711365 0.3264996 0.3675340 0.3591701 
ARAAL13164  0.1476343 2.2931406 2.2931406 2.2643350 2.4281362 2.5033269 1.9098066 2.2265824 2.4510379 2.6380437 2.2170891 2.3262110 2.3613234 2.6496549 2.6496549 0.7364826 0.7614896 0.7879101 0.7479719 0.7588521 0.6750026 0.7224438 0.8790824 0.6989726 0.6981890 0.8127719 0.6301218 0.4017914 0.4570182 0.4575910 0.4727519 0.4862531 0.4295421 0.4430998 0.4226716 0.0000000 0.2274796 0.2113182 0.2118816 0.1429092 0.4709649 0.3899349 0.4072181 0.4086289 0.4327097 1.9771324 2.4942627 2.3851145 2.4240982 2.4695288 0.7854157 0.6951016 0.7808248 0.8455487 0.7852051 0.9696887 0.7887070 0.9283882 0.6623552 0.7014901 0.6409508 0.6845267 0.6413168 0.4631498 0.5361311 0.3842285 0.4528406 0.5085614 0.4365909 0.4585233 0.4418121 0.3966978 0.4090339 0.4102467 
BRARP40741  0.1920754 2.1603528 2.1603528 2.1986333 2.3488382 2.4413853 1.8079272 2.2092117 2.4408776 2.5414826 2.1335070 2.1689975 2.2998994 2.5460417 2.5460417 0.7672273 0.7682750 0.8048577 0.7479766 0.7652898 0.6986704 0.7843024 0.9306423 0.7194597 0.7057050 0.8334782 0.5512188 0.4345255 0.4812164 0.4919450 0.5249117 0.5454997 0.4906942 0.4714205 0.4573334 0.2274796 0.0000000 0.0182632 0.0209375 0.1903143 0.4560002 0.4212753 0.4470332 0.4455618 0.4733375 1.9161893 2.5685053 2.3931300 2.3216361 2.3610451 0.7549515 0.6735522 0.7781334 0.8293658 0.7871380 0.9410907 0.7908021 0.9366621 0.7292178 0.7225211 0.6623035 0.6944883 0.6704285 0.4120767 0.4784498 0.4030437 0.5068093 0.5558319 0.4947598 0.4964691 0.4747169 0.4453043 0.4413865 0.4503773 
BRANA93064  0.1734906 2.2007189 2.2007189 2.1912431 2.3542129 2.4523096 1.8512935 2.2133738 2.4443923 2.5865088 2.2382275 2.2750052 2.3468672 2.6344595 2.6344595 0.7339978 0.7324701 0.7685644 0.7224882 0.7405082 0.6601031 0.7420414 0.9116943 0.6855079 0.6820560 0.8079501 0.5220793 0.4242791 0.4637358 0.4518431 0.4859501 0.5050328 0.4434634 0.4525626 0.4333446 0.2113182 0.0182632 0.0000000 0.0000010 0.1762946 0.4269868 0.4052128 0.4145005 0.4151929 0.4387334 1.9445939 2.4940840 2.3842042 2.3354095 2.4045546 0.7293080 0.6610328 0.7556872 0.7950018 0.7575677 0.9066787 0.7609812 0.8972657 0.6918017 0.6883679 0.6284389 0.6632327 0.6394125 0.4052532 0.4686925 0.3974319 0.4634001 0.5159689 0.4550948 0.4569287 0.4511071 0.4246313 0.4085453 0.4176574 
BRAOL50779  0.1813133 2.2280369 2.2280369 2.2107663 2.3758795 2.5041205 1.8693989 2.2764517 2.4523116 2.6070041 2.2582767 2.3092508 2.3482799 2.6640349 2.6640349 0.7462082 0.7470880 0.7783664 0.7281147 0.7535791 0.6742436 0.7417436 0.8953409 0.6882771 0.6891540 0.8132697 0.5277346 0.4220689 0.4672726 0.4568343 0.4959586 0.5160056 0.4659938 0.4626435 0.4593247 0.2118816 0.0209375 0.0000010 0.0000000 0.1780735 0.4475087 0.4169377 0.4295442 0.4302366 0.4919411 1.9701613 2.5196318 2.4229750 2.3819014 2.4344034 0.7483545 0.6605000 0.7597936 0.8135069 0.7626319 0.9238799 0.7659542 0.9168633 0.6938088 0.6932588 0.6348303 0.6690630 0.6430598 0.4099200 0.4911316 0.3995932 0.4729103 0.5224549 0.4635125 0.4686714 0.4856556 0.4274662 0.4240071 0.4363465 
ARALY23192  0.0495962 2.2137547 2.2137547 2.2558181 2.3672484 2.4908042 1.8279660 2.2547392 2.3590327 2.5243722 2.1861212 2.2426761 2.3334696 2.5603874 2.5603874 0.7301938 0.7445810 0.7801850 0.7342649 0.7339964 0.6517733 0.7330710 0.8543423 0.6691580 0.6640059 0.7828669 0.4879101 0.3892395 0.4432276 0.4689455 0.4622529 0.4796402 0.4292716 0.4391725 0.4220666 0.1429092 0.1903143 0.1762946 0.1780735 0.0000000 0.4329342 0.3840388 0.4154848 0.4129052 0.4293835 1.9357366 2.4723160 2.3627094 2.3911433 2.4523768 0.7615821 0.6843596 0.7499643 0.8397427 0.7755437 0.9353597 0.7789833 0.9311048 0.6646848 0.6803657 0.6203446 0.6567621 0.6288984 0.3934325 0.4805129 0.3857782 0.4469940 0.4961999 0.4396275 0.4470074 0.4302090 0.4117412 0.4114763 0.4185335 
THECC12418  0.4314393 2.2333231 2.2333231 2.2813544 2.5375845 2.4578893 1.9607485 2.1715091 2.3626937 2.6287975 2.3756079 2.3363013 2.4227692 2.6276867 2.6276867 0.7534837 0.7942589 0.7751865 0.7834697 0.7042347 0.6668483 0.7067933 0.8508009 0.7383429 0.7490243 0.8202645 0.4800902 0.3899614 0.3836122 0.4174411 0.4346646 0.4462621 0.4133836 0.3190139 0.3146708 0.4709649 0.4560002 0.4269868 0.4475087 0.4329342 0.0000000 0.1669071 0.2022734 0.1994712 0.3490178 2.0286475 2.4850886 2.4032911 2.5127499 2.4897229 0.7996968 0.6985752 0.8397554 0.8405677 0.7844158 0.9325036 0.7878492 0.9001430 0.6669007 0.7242048 0.6375512 0.6624438 0.6670163 0.3738007 0.4773791 0.3483989 0.4316393 0.4892430 0.4034000 0.4275045 0.3756459 0.3210609 0.1919527 0.2019114 
COCAP18490  0.3870442 2.1730361 2.1730361 2.1987142 2.4368090 2.3561638 1.8121346 2.1685121 2.3134560 2.4442980 2.2599751 2.2665261 2.3589086 2.5056561 2.5056561 0.6871624 0.7244716 0.7696873 0.7159705 0.6751273 0.5976071 0.6694890 0.8272965 0.6908888 0.6871168 0.7431016 0.3756129 0.3146929 0.3495080 0.3811346 0.3878370 0.3960434 0.3712415 0.3170643 0.3074129 0.3899349 0.4212753 0.4052128 0.4169377 0.3840388 0.1669071 0.0000000 0.2004143 0.1976869 0.3277626 1.8875676 2.4553007 2.4286897 2.4202942 2.4334945 0.7326331 0.6422308 0.7404119 0.8117846 0.7402189 0.9153505 0.7434204 0.9009988 0.5911199 0.6458168 0.5666746 0.6224636 0.5996828 0.3531964 0.4302279 0.3247953 0.3974871 0.4441883 0.3681782 0.3942080 0.3420322 0.3125445 0.2066936 0.2000669 
GOSAR31066  0.4137999 2.1029652 2.1029652 2.1467280 2.4428626 2.3520169 1.8497868 2.0738292 2.3271752 2.5323186 2.2930986 2.2983350 2.3067826 2.4869215 2.4869215 0.6778578 0.7558015 0.7907945 0.7488376 0.7128585 0.6262079 0.7162014 0.8525219 0.7330349 0.7363564 0.7581534 0.4452659 0.3695356 0.3871455 0.4059730 0.4286712 0.4310238 0.3931409 0.3546979 0.3541040 0.4072181 0.4470332 0.4145005 0.4295442 0.4154848 0.2022734 0.2004143 0.0000000 0.0226949 0.3460382 1.9108306 2.5368975 2.4176236 2.4328849 2.4331143 0.7524752 0.6745512 0.7788841 0.8249465 0.7750845 0.9433232 0.7781876 0.9152730 0.6417943 0.6845617 0.6035047 0.6573288 0.6386641 0.3711349 0.4554249 0.3413709 0.4253793 0.4733723 0.3919060 0.4173368 0.3662527 0.3522456 0.0333860 0.0042107 
GOSRA46123  0.4140269 2.1048393 2.1048393 2.1769896 2.4094275 2.3596741 1.8889744 2.0937549 2.3278370 2.5421224 2.3156228 2.3213404 2.2899179 2.4925377 2.4925377 0.6857440 0.7514566 0.7781623 0.7399852 0.7212762 0.6246396 0.7277121 0.8700061 0.7410681 0.7347826 0.7627535 0.4364279 0.3686048 0.3883484 0.4089029 0.4265758 0.4313107 0.3906434 0.3576454 0.3585743 0.4086289 0.4455618 0.4151929 0.4302366 0.4129052 0.1994712 0.1976869 0.0226949 0.0000000 0.3407775 1.9208266 2.5048776 2.3902850 2.4349616 2.4268855 0.7491518 0.6699843 0.7862481 0.8213720 0.7678265 0.9439724 0.7708820 0.9177921 0.6328446 0.6940797 0.6118166 0.6677292 0.6491429 0.3744897 0.4590925 0.3398330 0.4262623 0.4742845 0.3929620 0.4183117 0.3685720 0.3618219 0.0157977 0.0212592 
VITVI23490  0.4270794 2.1879578 2.1879578 2.2905961 2.6207060 2.3846346 1.9225965 2.1668111 2.2922548 2.6287737 2.2658328 2.3470042 2.3399149 2.6519871 2.6519871 0.6781527 0.7295773 0.7656519 0.7361557 0.7206864 0.6013136 0.6760772 0.8719342 0.7122543 0.7126531 0.7394873 0.3966479 0.3847008 0.3450810 0.3782600 0.3957728 0.4191758 0.3905324 0.3156836 0.2846883 0.4327097 0.4733375 0.4387334 0.4919411 0.4293835 0.3490178 0.3277626 0.3460382 0.3407775 0.0000000 1.9143751 2.4554469 2.4481250 2.5027221 2.5151509 0.7236519 0.6614695 0.7922318 0.7790506 0.7559784 0.9095118 0.7591829 0.8967064 0.6287629 0.6627229 0.5896936 0.6508307 0.6055373 0.3275087 0.4097727 0.2834283 0.3767957 0.4031801 0.3325319 0.3520518 0.4371558 0.3055323 0.3487127 0.3507769 
SELML21516  1.9535339 2.2732676 2.2732676 2.0675234 2.4740511 2.5400372 2.0780755 2.3367244 2.1351032 2.1211020 2.1742635 2.0384170 2.2444951 2.3552632 2.3552632 1.9656742 1.9186484 1.9103195 1.9085643 1.8851536 1.9884360 2.2061616 2.1446662 1.9903073 1.9552361 2.0419683 1.8874496 1.9877695 1.9566432 1.8134624 1.8298342 1.8658705 1.7926399 1.9991230 1.8178087 1.9771324 1.9161893 1.9445939 1.9701613 1.9357366 2.0286475 1.8875676 1.9108306 1.9208266 1.9143751 0.0000000 2.4170115 2.2380545 2.6348172 2.6348172 2.0524750 1.8781468 1.8635970 2.0326997 1.9223780 2.2570969 1.9168738 2.2034212 1.9276324 2.0427295 1.9545274 2.0267201 1.9897086 2.0637066 2.0533271 2.0009582 1.7870102 1.8960442 1.8229714 1.7902333 1.9435967 1.9786478 1.9337812 1.9153058 
PARTE05201  2.4802258 1.7285523 1.7285523 1.5902962 1.6958187 2.2916482 1.9467402 2.3055122 2.0150621 2.2421746 1.9648112 2.1110885 1.9946224 2.1263974 2.1263974 2.4109296 2.5716650 2.8399894 2.5695249 2.6423278 2.4942477 2.6621977 2.9792745 2.4258973 2.4394131 2.5939927 2.6041068 2.1905392 2.3972191 2.4556715 2.5623323 2.6296195 2.4896955 2.5452454 2.4177446 2.4942627 2.5685053 2.4940840 2.5196318 2.4723160 2.4850886 2.4553007 2.5368975 2.5048776 2.4554469 2.4170115 0.0000000 0.7531062 2.0715800 2.0865318 2.4791272 2.4798849 2.6868600 2.6306503 2.6814772 2.6755402 2.6758109 2.6663659 2.5728231 2.5907391 2.5183471 2.5108037 2.4893924 2.4089799 2.5126460 2.4346321 2.4707080 2.5151580 2.4698843 2.4585629 2.4958139 2.4731178 2.5135057 2.5136442 
PARTE06261  2.3739346 1.3814904 1.3814904 1.4078420 1.3685286 2.1182579 1.8367197 2.0926189 1.9314560 2.0607398 1.7983488 1.9960425 1.9604489 1.9743671 1.9743671 2.3626092 2.5245117 2.8225400 2.5137507 2.5198179 2.4581640 2.4777681 2.9052756 2.4153393 2.3105678 2.4844171 2.4921731 2.1457490 2.3441518 2.4622960 2.5447254 2.6464785 2.4465050 2.4849661 2.3997405 2.3851145 2.3931300 2.3842042 2.4229750 2.3627094 2.4032911 2.4286897 2.4176236 2.3902850 2.4481250 2.2380545 0.7531062 0.0000000 1.9170149 1.9808319 2.4165329 2.3510721 2.6835583 2.5461626 2.5909692 2.6668930 2.5858324 2.7555868 2.6347754 2.4973804 2.4109919 2.4844097 2.3858972 2.1459446 2.2110590 2.2534661 2.3859742 2.4756936 2.4521919 2.3980734 2.4129867 2.3408899 2.3688135 2.3997624 
HYDVU01784  2.4087309 2.2361739 2.2361739 1.8668132 2.0673818 2.3407552 1.9769361 2.1948829 2.1804602 2.3053025 2.2158429 2.3364100 2.2635105 2.0753291 2.0753291 2.3892044 2.4814308 2.4803283 2.4665663 2.4629384 2.4013108 2.6226697 2.4025583 2.3531347 2.4227563 2.5504875 2.5199926 2.1127440 2.4071214 2.4639140 2.4076570 2.4056465 2.3944962 2.5604077 2.3532534 2.4240982 2.3216361 2.3354095 2.3819014 2.3911433 2.5127499 2.4202942 2.4328849 2.4349616 2.5027221 2.6348172 2.0715800 1.9170149 0.0000000 0.0029065 2.3669504 2.3771224 2.5852426 2.4614971 2.5253236 2.4951738 2.5085197 2.5042876 2.4974202 2.5380785 2.4703729 2.3779785 2.4272109 2.2576464 2.3098237 2.2064906 2.6818874 2.6183335 2.5183816 2.5087076 2.5426961 2.3827544 2.4027887 2.4327860 
HYDVU16662  2.4857227 2.2417163 2.2417163 1.9530148 2.1364809 2.3955640 1.9844782 2.2890583 2.2460681 2.3434540 2.2178222 2.3486028 2.3281207 2.1107574 2.1107574 2.5038083 2.5799205 2.5896714 2.5396686 2.5987867 2.5470776 2.7858924 2.5601683 2.4431842 2.5565978 2.6428538 2.5326317 2.1127440 2.4388666 2.4614738 2.4849748 2.4538863 2.4163571 2.6117068 2.3866832 2.4695288 2.3610451 2.4045546 2.4344034 2.4523768 2.4897229 2.4334945 2.4331143 2.4268855 2.5151509 2.6348172 2.0865318 1.9808319 0.0029065 0.0000000 2.4416925 2.3771224 2.6380857 2.5884270 2.6066995 2.5725270 2.5899965 2.5944598 2.6432257 2.6834398 2.6135797 2.4983374 2.5614186 2.2576464 2.3098237 2.2064906 2.6911538 2.6287764 2.5311709 2.5246335 2.5759113 2.4203295 2.4100245 2.4330188 
ORYLO07186  0.7580517 2.0651871 2.0651871 2.2523514 2.3449086 2.3534454 1.9326472 2.2074931 2.3088764 2.2786643 2.0800879 2.2376751 2.4046204 2.6789330 2.6789330 0.3613971 0.6067428 0.6744717 0.6020142 0.5544885 0.5471441 0.6713745 0.6951117 0.5881977 0.5876366 0.6503813 0.7833945 0.6076195 0.7501998 0.7627000 0.8062721 0.8066942 0.6562793 0.7217358 0.7059007 0.7854157 0.7549515 0.7293080 0.7483545 0.7615821 0.7996968 0.7326331 0.7524752 0.7491518 0.7236519 2.0524750 2.4791272 2.4165329 2.3669504 2.4416925 0.0000000 0.5264769 0.6394119 0.1107469 0.6215354 0.1335993 0.6194012 0.1542905 0.5693936 0.6166342 0.5669384 0.6109143 0.5786430 0.6718491 0.8073518 0.5848981 0.7585271 0.8319186 0.7413899 0.7490081 0.7008683 0.7018026 0.7743563 0.7548568 
ORYLO14359  0.6720768 2.2482819 2.2482819 2.1939383 2.3451685 2.0932486 1.7757218 1.9477861 2.2221947 2.2979196 2.1279090 2.1738197 1.9825467 2.2112344 2.2112344 0.5117806 0.0212350 0.0181924 0.0212201 0.4854451 0.4831889 0.5933223 0.6064202 0.5149431 0.5296705 0.4833457 0.6781396 0.6455160 0.6066071 0.7048156 0.6899292 0.6854527 0.6143955 0.6757317 0.6353336 0.6951016 0.6735522 0.6610328 0.6605000 0.6843596 0.6985752 0.6422308 0.6745512 0.6699843 0.6614695 1.8781468 2.4798849 2.3510721 2.3771224 2.3771224 0.5264769 0.0000000 0.0866045 0.5621426 0.0189391 0.5566285 0.0232162 0.5155793 0.4314387 0.5326675 0.4910927 0.5005526 0.5093912 0.7162931 0.7972877 0.6547460 0.6712779 0.7669839 0.6637884 0.6699975 0.6217421 0.5966720 0.6693665 0.6731063 
ORYPU21343  0.7466511 2.2513298 2.2513298 2.4150208 2.5660017 2.3408818 1.7999340 2.1411570 2.4795386 2.5367559 2.3629952 2.3876376 2.1760254 2.4449420 2.4449420 0.6316738 0.1242550 0.1147684 0.1193884 0.6159655 0.5983948 0.7079610 0.6915996 0.6432514 0.6240885 0.5488459 0.8027071 0.6251006 0.6687867 0.7997729 0.8410405 0.8527025 0.7579177 0.7492794 0.7606317 0.7808248 0.7781334 0.7556872 0.7597936 0.7499643 0.8397554 0.7404119 0.7788841 0.7862481 0.7922318 1.8635970 2.6868600 2.6835583 2.5852426 2.6380857 0.6394119 0.0866045 0.0000000 0.6833044 0.1222034 0.7074728 0.1223768 0.6945536 0.6031764 0.6399447 0.6034458 0.5980809 0.6090172 0.6931082 0.7809996 0.6421592 0.7888556 0.8823810 0.7754134 0.7814616 0.7565667 0.7380951 0.7920177 0.7815680 
