74
ARATH26614  0.0000000 2.1905294 2.1905294 2.0620136 2.1993964 2.2357206 1.7509400 2.0443084 2.1581534 2.1521759 2.1544571 2.0132923 2.1483031 2.3734024 2.3734024 0.6728760 0.6706498 0.7001058 0.6694985 0.6760811 0.5985900 0.6841738 0.7791997 0.6486358 0.6505080 0.7245003 0.4671908 0.4089531 0.4278709 0.4487688 0.4472964 0.4608073 0.4202782 0.4171666 0.4219452 0.1341585 0.1751940 0.1635069 0.1636220 0.0479495 0.4030713 0.3705309 0.3951235 0.3928799 0.4111596 1.7719942 2.3171266 2.1438657 2.0612087 2.1562927 0.6951063 0.6299447 0.7063710 0.7469931 0.7058274 0.8787135 0.7057715 0.8739209 0.5975651 0.6462907 0.5882499 0.6229201 0.6020390 0.3938087 0.4255478 0.3747680 0.4410579 0.4687523 0.4160895 0.4349184 0.4022579 0.3861865 0.3896577 0.3955963 
ICHMU00745  2.1905294 0.0000000 0.0000010 0.9036233 1.4238183 2.0979586 1.7519685 1.8844575 2.0103804 1.9351396 1.9450006 1.9348696 1.7981500 1.9226042 1.9226042 1.9696412 2.1855247 2.2940498 2.1855247 2.0445437 2.1793182 2.1364670 2.2981813 2.1880016 2.2095314 2.2020483 2.0711508 2.0505040 2.2366731 2.1630259 2.1295801 2.1206954 2.0612702 2.1548761 2.2255655 2.2498746 2.1173941 2.1498898 2.1868118 2.1815238 2.2779468 2.1568996 2.1180765 2.1207744 2.1698716 2.1190017 1.6383694 1.3732234 2.2042405 2.2222592 1.9993599 2.2337617 2.1077836 1.9529770 2.2556470 2.2674840 2.2546496 2.3045237 2.1669810 2.1655337 2.1557609 2.0868575 2.1064556 2.0671198 2.0982212 2.0913386 2.0658387 2.2569586 2.1138154 2.1000474 2.1389809 2.1778244 2.1419846 2.1129214 
ICHMG07310  2.1905294 0.0000010 0.0000000 0.9036233 1.4238183 2.0979586 1.7519685 1.8844575 2.0103804 1.9351396 1.9450006 1.9348696 1.7981500 1.9226042 1.9226042 1.9696412 2.1855247 2.2940498 2.1855247 2.0445437 2.1793182 2.1364670 2.2981813 2.1880016 2.2095314 2.2020483 2.0711508 2.0505040 2.2366731 2.1630259 2.1295801 2.1206954 2.0612702 2.1548761 2.2255655 2.2498746 2.1173941 2.1498898 2.1868118 2.1815238 2.2779468 2.1568996 2.1180765 2.1207744 2.1698716 2.1190017 1.6383694 1.3732234 2.2042405 2.2222592 1.9993599 2.2337617 2.1077836 1.9529770 2.2556470 2.2674840 2.2546496 2.3045237 2.1669810 2.1655337 2.1557609 2.0868575 2.1064556 2.0671198 2.0982212 2.0913386 2.0658387 2.2569586 2.1138154 2.1000474 2.1389809 2.1778244 2.1419846 2.1129214 
TETTS02693  2.0620136 0.9036233 0.9036233 0.0000000 1.3585671 1.8672322 1.5375675 1.7690188 1.7442889 1.8193703 1.7720074 1.7233698 1.6888324 1.7661334 1.7661334 2.0505197 2.1796368 2.1886416 2.1731406 2.0881496 2.1538594 2.1898085 2.3803684 2.0360873 2.1240663 2.2041972 2.0332576 1.9575015 2.0275981 2.0296749 2.0550943 2.0546973 1.9758368 2.0146784 2.0811729 2.1352027 2.1225373 2.0467592 2.1097970 2.0846963 2.1531746 2.0569987 2.0440914 2.0562613 2.0646514 1.8335378 1.5685812 1.3556675 1.6591226 1.7514706 2.0391744 2.0863129 2.1195346 2.0555754 2.1993618 2.2033481 2.1902644 2.1952168 2.1735169 2.1515700 2.1193231 2.1586052 2.1002822 1.9247966 1.9690400 1.9085923 2.0483739 2.0586602 1.9575653 2.0009825 2.0730701 2.0694995 2.0596063 2.0481827 
PSEPJ02990  2.1993964 1.4238183 1.4238183 1.3585671 0.0000000 1.9250815 1.6138636 1.8826763 1.8302427 2.0336157 1.8752144 1.9223881 1.8894300 1.9054049 1.9054049 2.1586102 2.2186125 2.2839729 2.2278411 2.2414950 2.2566180 2.3055190 2.1907185 2.1382472 2.1939921 2.1820923 2.2470996 1.9946182 2.3104162 2.2134041 2.2937414 2.2174307 2.2142677 2.2857640 2.2306718 2.1698501 2.1756275 2.1760460 2.2031612 2.1683211 2.2972159 2.2728581 2.2446233 2.2276759 2.2815630 2.2239693 1.6297375 1.2631979 1.8841399 1.9385675 2.1546633 2.0637623 2.2440133 2.1414450 2.2227415 2.2894392 2.2164142 2.2404216 2.3302673 2.2052524 2.1893690 2.1931083 2.1861539 2.0179204 2.0968043 2.0475874 2.2337527 2.3840043 2.2159821 2.2334362 2.3121121 2.2104947 2.2221374 2.2358795 
POLPP02182  2.2357206 2.0979586 2.0979586 1.8672322 1.9250815 0.0000000 1.3216494 1.4760366 1.8673910 2.0648892 1.8047071 1.9176900 1.7781256 2.0281933 2.0281933 2.0764395 2.0800115 2.0142884 2.0615962 2.1191812 2.2169050 2.2184869 2.3052830 2.2275262 2.2104990 2.1990779 2.1207785 2.0978310 2.1693443 2.2298289 2.2690844 2.2729401 2.1608414 2.2577731 2.2970800 2.2410005 2.2128410 2.2505460 2.2721457 2.2187940 2.4177160 2.2619754 2.2241595 2.2309926 2.2439498 2.1704937 2.0325202 1.8850899 2.2230644 2.3092402 2.1437689 1.9394351 2.0936575 2.2026145 2.0519195 2.3661849 2.0493860 2.3867436 2.1929171 2.1661214 2.2085540 2.1459283 2.1517427 2.1324791 2.0776846 2.1258119 2.2918976 2.2554141 2.2160194 2.1974320 2.1560977 2.1842923 2.2643823 2.2285091 
DICDI03960  1.7509400 1.7519685 1.7519685 1.5375675 1.6138636 1.3216494 0.0000000 0.5478456 1.6482545 1.7755611 1.7243470 1.8140962 1.6426844 1.8475360 1.8475360 1.8227079 1.7284395 1.7805713 1.7454741 1.7897048 1.7984583 1.8563244 1.8993411 1.7864880 1.8354416 1.9061657 1.7601825 1.8131194 1.8853174 1.8080863 1.8465491 1.8422782 1.7584237 1.7835615 1.7808118 1.8050835 1.7008175 1.7531499 1.7503789 1.7448435 1.8330341 1.7269741 1.7869878 1.8039409 1.8680823 1.7812468 1.8271378 1.6988764 1.9581291 1.9859202 1.8336629 1.6884062 1.7337604 1.8664912 1.7664757 2.0027311 1.7611830 2.0264116 1.7557390 1.8007869 1.8051022 1.7539486 1.7559686 1.8303496 1.8345567 1.7418031 1.8187306 1.8862477 1.8250221 1.7829018 1.7622643 1.7557444 1.7871430 1.7839708 
DICPU08696  2.0443084 1.8844575 1.8844575 1.7690188 1.8826763 1.4760366 0.5478456 0.0000000 1.8924607 2.1332337 1.8905105 2.0268529 1.6317642 1.9747802 1.9747802 1.8623014 1.9525637 2.0151894 1.9468376 1.9826284 2.0421794 2.0315751 2.1139506 1.9557208 2.0051543 1.9742536 1.9832275 1.7963705 1.9788784 2.0498200 2.0897501 2.1424144 2.0150428 2.1016314 2.0945840 2.0515528 2.0362897 2.0582827 2.1003691 2.0348010 2.1081981 2.0761141 2.0135814 2.0236081 2.1342483 1.9343022 2.0404264 2.0718483 2.0446787 2.1182819 1.9249428 1.8208580 1.9070609 1.8776014 1.9710080 2.0784806 1.9667480 2.0682526 2.1223283 2.1054505 1.9936324 2.0030494 2.0188681 1.8714470 1.8320863 1.8486126 2.1095198 2.1413389 2.1095425 2.0431544 2.0048998 1.9327252 2.0147369 2.0066890 
BODSA09965  2.1581534 2.0103804 2.0103804 1.7442889 1.8302427 1.8673910 1.6482545 1.8924607 0.0000000 1.2639800 1.3269905 1.3778433 1.8236643 1.6137164 1.6137164 2.0500916 2.1506021 2.2784966 2.1416420 2.2040662 2.1534871 2.3462922 2.2896440 2.0047969 2.0714488 2.1469947 2.1721603 2.0435754 2.1072039 2.1464139 2.2174298 2.2597631 2.1064508 2.1086694 2.1744868 2.1405442 2.1653943 2.1269688 2.1372793 2.1026935 2.1092209 2.1391427 2.1311136 2.1407800 2.0805070 1.9912168 1.8863629 1.8579021 1.9188273 1.9062037 2.0868370 2.0474001 2.1453998 2.1641158 2.1714353 2.3101598 2.1585510 2.3258811 2.2807264 2.2464257 2.1938185 2.1608334 2.1376840 2.0642265 2.0661076 2.1073345 2.2091658 2.2243882 2.1687078 2.1624034 2.0770405 2.0264968 2.1493018 2.1267226 
LEIBR00777  2.1521759 1.9351396 1.9351396 1.8193703 2.0336157 2.0648892 1.7755611 2.1332337 1.2639800 0.0000000 1.1527827 1.2365335 1.8767474 1.6373519 1.6373519 2.1125878 2.1857763 2.2122912 2.1868115 2.3292950 2.2253666 2.3097564 2.2510314 2.1009250 2.1042379 2.2881545 2.3726893 2.0661702 2.1397381 2.1752706 2.2274078 2.2631229 2.2122615 2.2435044 2.1664664 2.2924818 2.1713992 2.2028749 2.1982513 2.1112833 2.2456945 2.1638891 2.1907110 2.1997842 2.2312246 1.8628174 2.0423895 1.8644688 2.0000853 2.0410922 2.1326200 2.0627396 2.1845758 2.1923708 2.1943917 2.3530698 2.1895150 2.3396184 2.2116859 2.2556263 2.2278228 2.1973745 2.1983297 2.2130886 2.1959838 2.1696451 2.1488928 2.1562323 2.0716860 2.0973685 2.2112649 2.1021516 2.2144295 2.1870142 
TRYCC07250  2.1544571 1.9450006 1.9450006 1.7720074 1.8752144 1.8047071 1.7243470 1.8905105 1.3269905 1.1527827 0.0000000 0.8965383 1.8355036 1.6764692 1.6764692 1.9743123 2.3048662 2.2923573 2.2850947 2.2308459 2.2948004 2.4343115 2.2817237 2.1815498 2.2392360 2.1749938 2.1614592 2.0971306 2.2944219 2.2370514 2.2790498 2.2985856 2.2133300 2.2416443 2.1637837 2.1620204 2.1113774 2.1755138 2.1933601 2.1662958 2.2752686 2.2408423 2.2389170 2.2526731 2.2438718 1.9122074 1.9076503 1.7333281 2.0331190 2.0285594 2.0958724 2.1556344 2.3261369 2.1296467 2.2786344 2.3533973 2.2827724 2.4158042 2.2507864 2.1886495 2.1769831 2.2178224 2.1752401 2.2210318 2.2502466 2.2104799 2.2278726 2.3239240 2.2010949 2.2054759 2.1968953 2.1853897 2.2705620 2.2321162 
TRYB200995  2.0132923 1.9348696 1.9348696 1.7233698 1.9223881 1.9176900 1.8140962 2.0268529 1.3778433 1.2365335 0.8965383 0.0000000 1.7960231 1.7247954 1.7247954 2.1038949 2.2258638 2.2816573 2.2263936 2.1429001 2.1017569 2.2317121 2.3153781 2.0095528 2.0939570 2.2064662 2.0465971 2.0026505 2.0221581 2.0633795 2.0905241 2.1331712 2.0923247 2.0494956 2.0168693 2.0681223 1.9903638 2.0386426 2.0806738 2.0158921 2.1051709 2.0584850 2.1357046 2.1337069 2.0663095 1.8354307 2.0069782 1.9042692 2.0635725 2.0944679 2.0576215 2.1358307 2.1985347 2.1457644 2.2616803 2.3453059 2.2549829 2.4244767 2.0644575 2.0742657 2.0536447 2.0284954 2.0398829 2.1242861 2.1389953 2.0544800 2.0462522 2.1400004 2.0686851 2.0647493 1.9990746 2.0242648 2.1671156 2.1311351 
NAEGR09551  2.1483031 1.7981500 1.7981500 1.6888324 1.8894300 1.7781256 1.6426844 1.6317642 1.8236643 1.8767474 1.8355036 1.7960231 0.0000000 1.9214827 1.9214827 2.0168330 1.9457142 1.8809373 1.9381276 1.9936483 2.0548040 2.0608257 2.2729691 2.0938396 2.0818428 2.1346296 2.1805870 2.0360339 2.1863571 2.0968655 2.1143068 2.1215681 2.0258144 2.1063462 2.1895549 2.1317202 2.0890753 2.1132625 2.1267899 2.1302557 2.2569334 2.1549183 2.1297861 2.1165148 2.1804968 1.9073999 1.9922334 1.8976044 2.0681477 2.0656210 2.0824314 1.8919165 1.8843794 2.1009180 1.9383583 2.3294537 1.9350633 2.3154851 2.0822944 2.0915422 2.1015423 2.0699731 2.0505319 2.1698039 2.0915354 2.0689763 2.0386086 2.1661889 2.0972510 2.0644045 2.0560655 2.1699538 2.1435117 2.1266434 
CYAME00604  2.3734024 1.9226042 1.9226042 1.7661334 1.9054049 2.0281933 1.8475360 1.9747802 1.6137164 1.6373519 1.6764692 1.7247954 1.9214827 0.0000000 0.0000010 2.2101595 2.1745672 2.2089888 2.1745672 2.2186159 2.2613397 2.4503978 2.2915522 2.2656439 2.4009022 2.2607453 2.4023318 2.2707151 2.3048282 2.3391421 2.4060281 2.4472888 2.3148863 2.3205617 2.2554615 2.3467648 2.2689720 2.3336528 2.3700720 2.3770312 2.3443178 2.2772831 2.2960717 2.3104324 2.3791493 2.1038855 2.0664282 1.9148924 1.9233756 1.9359417 2.3994647 2.1449324 2.2234281 2.3461452 2.1775335 2.5648027 2.1742790 2.6764426 2.3772853 2.2217315 2.1964695 2.1780282 2.2159235 2.2672411 2.2158001 2.2627959 2.3254095 2.4275512 2.3016907 2.3076242 2.3052720 2.3058564 2.3088437 2.2997208 
CYAM104693  2.3734024 1.9226042 1.9226042 1.7661334 1.9054049 2.0281933 1.8475360 1.9747802 1.6137164 1.6373519 1.6764692 1.7247954 1.9214827 0.0000010 0.0000000 2.2101595 2.1745672 2.2089888 2.1745672 2.2186159 2.2613397 2.4503978 2.2915522 2.2656439 2.4009022 2.2607453 2.4023318 2.2707151 2.3048282 2.3391421 2.4060281 2.4472888 2.3148863 2.3205617 2.2554615 2.3467648 2.2689720 2.3336528 2.3700720 2.3770312 2.3443178 2.2772831 2.2960717 2.3104324 2.3791493 2.1038855 2.0664282 1.9148924 1.9233756 1.9359417 2.3994647 2.1449324 2.2234281 2.3461452 2.1775335 2.5648027 2.1742790 2.6764426 2.3772853 2.2217315 2.1964695 2.1780282 2.2159235 2.2672411 2.2158001 2.2627959 2.3254095 2.4275512 2.3016907 2.3076242 2.3052720 2.3058564 2.3088437 2.2997208 
ORYBR30285  0.6728760 1.9696412 1.9696412 2.0505197 2.1586102 2.0764395 1.8227079 1.8623014 2.0500916 2.1125878 1.9743123 2.1038949 2.0168330 2.2101595 2.2101595 0.0000000 0.5460841 0.5885175 0.5465946 0.4953523 0.4988291 0.5714593 0.6538815 0.5152638 0.5167697 0.5568089 0.6434170 0.5438322 0.6537602 0.7176480 0.7305128 0.7039719 0.5956707 0.6523746 0.6169864 0.7016943 0.7346979 0.7049035 0.7174364 0.6872771 0.6855504 0.6326498 0.6702089 0.6657729 0.6228228 1.7670619 2.2482813 2.1366388 2.1445696 2.1646785 0.3233327 0.4739417 0.5652689 0.3247545 0.5595148 0.4334897 0.5605236 0.4289037 0.5106960 0.5457108 0.4874128 0.5241997 0.5024439 0.6225058 0.6401976 0.5338900 0.6835053 0.7517000 0.6638543 0.6976534 0.6449494 0.6290264 0.6784081 0.6690887 
ORYGL19355  0.6706498 2.1855247 2.1855247 2.1796368 2.2186125 2.0800115 1.7284395 1.9525637 2.1506021 2.1857763 2.3048662 2.2258638 1.9457142 2.1745672 2.1745672 0.5460841 0.0000000 0.0198489 0.0102147 0.5360904 0.4969293 0.5968495 0.6646519 0.5182134 0.5445948 0.5010936 0.7039128 0.6416369 0.6627030 0.7580193 0.7422287 0.7581865 0.6662442 0.6915560 0.6286769 0.7153830 0.7122537 0.6890125 0.6934314 0.6857598 0.7418118 0.6868105 0.7097295 0.7184396 0.6867023 1.7863644 2.3369720 2.2863101 2.0637642 2.0684686 0.5600240 0.0173047 0.1003483 0.6155534 0.0109877 0.7165279 0.0110056 0.7241654 0.5181237 0.5364627 0.4893415 0.5378424 0.5048640 0.6743029 0.6804466 0.5970414 0.7273844 0.7765823 0.6982799 0.7081329 0.6592487 0.6162368 0.7149627 0.7162164 
ORYSI24865  0.7001058 2.2940498 2.2940498 2.1886416 2.2839729 2.0142884 1.7805713 2.0151894 2.2784966 2.2122912 2.2923573 2.2816573 1.8809373 2.2089888 2.2089888 0.5885175 0.0198489 0.0000000 0.0078125 0.5626259 0.5329943 0.5477339 0.7096818 0.5521583 0.5825403 0.5268904 0.7060583 0.6000618 0.6441392 0.7906512 0.8156880 0.8236678 0.7372353 0.7112890 0.6627921 0.7447839 0.7602750 0.7245771 0.7329273 0.7164026 0.7243765 0.7077938 0.7183934 0.7307404 0.7123248 1.8489455 2.4477188 2.4339600 2.0619315 2.0689175 0.6102791 0.0205399 0.0951332 0.6460162 0.0078125 0.6333250 0.0117546 0.6176163 0.5464563 0.5549388 0.5368354 0.5695618 0.5572891 0.6346087 0.6620468 0.6154334 0.7591189 0.8509148 0.7491448 0.7504824 0.6850161 0.6394135 0.7287552 0.7227850 
ORYSJ22678  0.6694985 2.1855247 2.1855247 2.1731406 2.2278411 2.0615962 1.7454741 1.9468376 2.1416420 2.1868115 2.2850947 2.2263936 1.9381276 2.1745672 2.1745672 0.5465946 0.0102147 0.0078125 0.0000000 0.5362373 0.4994834 0.5990220 0.6715233 0.5206957 0.5471153 0.5024113 0.7066887 0.6357526 0.6612138 0.7611170 0.7482086 0.7627394 0.6685434 0.6913306 0.6281530 0.7103706 0.7086596 0.6852736 0.6908795 0.6845876 0.7404208 0.6855328 0.7084056 0.7171024 0.7001036 1.7863644 2.3383697 2.2857785 2.0522427 2.0570946 0.5569681 0.0172926 0.0956933 0.6119956 0.0000010 0.7123138 0.0030979 0.7205306 0.5210402 0.5389803 0.4913014 0.5402187 0.5073771 0.6710534 0.6771399 0.5939964 0.7263766 0.7756677 0.6972926 0.7071919 0.6591749 0.6114058 0.7136079 0.7148821 
BRADI23061  0.6760811 2.0445437 2.0445437 2.0881496 2.2414950 2.1191812 1.7897048 1.9826284 2.2040662 2.3292950 2.2308459 2.1429001 1.9936483 2.2186159 2.2186159 0.4953523 0.5360904 0.5626259 0.5362373 0.0000000 0.2715852 0.3349729 0.6565783 0.4765792 0.5077491 0.5255145 0.6994062 0.6135556 0.6316730 0.7412541 0.7630899 0.7995726 0.6512065 0.6550142 0.6353159 0.7310101 0.7313869 0.7049159 0.7189890 0.6952437 0.6446361 0.6180208 0.6681635 0.6644913 0.6673440 1.8251475 2.3019851 2.1879877 2.0582021 2.0622873 0.4871404 0.4441184 0.5271902 0.5100992 0.5362373 0.5071095 0.5362742 0.4801160 0.2798697 0.3277367 0.2713039 0.2842793 0.2815591 0.6339362 0.6479309 0.5504499 0.6996738 0.7625432 0.6801023 0.7048477 0.6351755 0.6070606 0.6664549 0.6705857 
HORVV126779 0.5985900 2.1793182 2.1793182 2.1538594 2.2566180 2.2169050 1.7984583 2.0421794 2.1534871 2.2253666 2.2948004 2.1017569 2.0548040 2.2613397 2.2613397 0.4988291 0.4969293 0.5329943 0.4994834 0.2715852 0.0000000 0.1757227 0.6364920 0.4676022 0.4992645 0.5017363 0.6141086 0.5323072 0.5716356 0.6429128 0.6459008 0.6695686 0.5516242 0.5714201 0.5540026 0.6419164 0.6487897 0.6231220 0.6317681 0.6199976 0.6028643 0.5703032 0.6000950 0.5986010 0.5727592 1.8202308 2.3533791 2.2515132 2.1030147 2.1160307 0.4811418 0.4124192 0.5250424 0.5054508 0.5062604 0.6009212 0.5066668 0.5898638 0.1554052 0.1389639 0.1078932 0.1373212 0.1146837 0.5932156 0.5800255 0.5036398 0.6069425 0.6541469 0.5974292 0.6083772 0.5555769 0.5183758 0.6084403 0.6051830 
AEGTA16793  0.6841738 2.1364670 2.1364670 2.1898085 2.3055190 2.2184869 1.8563244 2.0315751 2.3462922 2.3097564 2.4343115 2.2317121 2.0608257 2.4503978 2.4503978 0.5714593 0.5968495 0.5477339 0.5990220 0.3349729 0.1757227 0.0000000 0.6643471 0.5374065 0.5609596 0.5729942 0.6762471 0.6037035 0.6317718 0.7306153 0.7590734 0.7827961 0.6507909 0.6474667 0.6473224 0.7080655 0.7332129 0.7009336 0.7020510 0.7085299 0.6545967 0.6455142 0.6960394 0.7023038 0.6413476 2.0818291 2.4605519 2.3141327 2.2323326 2.2442696 0.5760912 0.5221407 0.6195170 0.5737261 0.5990220 0.5834123 0.5994674 0.5098667 0.1230940 0.1101438 0.1140101 0.1387364 0.0594134 0.6926650 0.6978380 0.5691393 0.6973045 0.7614384 0.6744175 0.7004815 0.6551649 0.6107357 0.7017964 0.7022361 
ERATE23368  0.7791997 2.2981813 2.2981813 2.3803684 2.1907185 2.3052830 1.8993411 2.1139506 2.2896440 2.2510314 2.2817237 2.3153781 2.2729691 2.2915522 2.2915522 0.6538815 0.6646519 0.7096818 0.6715233 0.6565783 0.6364920 0.6643471 0.0000000 0.6318414 0.6754234 0.6203651 0.8256284 0.6486857 0.7913860 0.8569715 0.9216051 0.9272091 0.8497764 0.8348286 0.8269627 0.7994512 0.8763547 0.8286681 0.8397795 0.7791540 0.8146155 0.7849153 0.8327163 0.8337679 0.8262054 2.0191000 2.5393182 2.4671844 2.1077893 2.1173423 0.6808702 0.5728567 0.6738312 0.6931384 0.6715233 0.6910632 0.6724167 0.6861737 0.6429237 0.6761028 0.6086193 0.6329444 0.6312565 0.7093500 0.7364508 0.6963535 0.8045518 0.8996136 0.8584531 0.8619332 0.8045682 0.7540858 0.8314772 0.8361303 
SORBI14018  0.6486358 2.1880016 2.1880016 2.0360873 2.1382472 2.2275262 1.7864880 1.9557208 2.0047969 2.1009250 2.1815498 2.0095528 2.0938396 2.2656439 2.2656439 0.5152638 0.5182134 0.5521583 0.5206957 0.4765792 0.4676022 0.5374065 0.6318414 0.0000000 0.1545245 0.4373043 0.7059783 0.5791591 0.6440207 0.7491656 0.7476165 0.7703783 0.6428477 0.6520571 0.6464626 0.6769893 0.7136062 0.6753881 0.6778080 0.6502579 0.6848477 0.6545354 0.6864184 0.6940575 0.6824958 1.7707471 2.3332802 2.2521725 1.9923824 2.0325645 0.5113378 0.4825579 0.5396583 0.5507165 0.5242976 0.6439819 0.5243632 0.6481247 0.4701500 0.5004211 0.4583122 0.4752334 0.4653774 0.6216502 0.6167084 0.5547657 0.6864628 0.7640784 0.6829126 0.7012970 0.6741333 0.6132923 0.6919746 0.6891818 
MAIZE29959  0.6505080 2.2095314 2.2095314 2.1240663 2.1939921 2.2104990 1.8354416 2.0051543 2.0714488 2.1042379 2.2392360 2.0939570 2.0818428 2.4009022 2.4009022 0.5167697 0.5445948 0.5825403 0.5471153 0.5077491 0.4992645 0.5609596 0.6754234 0.1545245 0.0000000 0.4617295 0.6878777 0.5606192 0.6234357 0.7323830 0.7215684 0.7364694 0.6405064 0.6454338 0.6375190 0.6736069 0.7125127 0.6864636 0.6928463 0.6515291 0.7076888 0.6587213 0.6895917 0.6883468 0.6845158 1.7613469 2.3487299 2.2429086 2.0898942 2.1516067 0.5274718 0.5095639 0.5616926 0.5764424 0.5500167 0.6757001 0.5500907 0.6794934 0.5128972 0.5200758 0.4874139 0.5243438 0.4922539 0.6138601 0.6228256 0.5355821 0.6824810 0.7400846 0.6704073 0.6761553 0.6539937 0.6047237 0.6917955 0.6923561 
SETIT04466  0.7245003 2.2020483 2.2020483 2.2041972 2.1820923 2.1990779 1.9061657 1.9742536 2.1469947 2.2881545 2.1749938 2.2064662 2.1346296 2.2607453 2.2607453 0.5568089 0.5010936 0.5268904 0.5024113 0.5255145 0.5017363 0.5729942 0.6203651 0.4373043 0.4617295 0.0000000 0.7318770 0.6008290 0.6834177 0.7681838 0.7690814 0.7772263 0.6823770 0.7334691 0.6875113 0.7478451 0.7724825 0.7504920 0.7542448 0.7358862 0.7688767 0.7030485 0.7097164 0.7236961 0.7072495 1.8488992 2.3123940 2.2742819 2.1583315 2.1418178 0.5787862 0.4727032 0.5035335 0.6084355 0.5008083 0.7203779 0.5008651 0.7221825 0.5290501 0.5151231 0.4709852 0.5259172 0.4879032 0.6954525 0.6812355 0.6212637 0.7257189 0.7925557 0.7084750 0.7393671 0.7260366 0.6701750 0.7242211 0.7056690 
NICAT17634  0.4671908 2.0711508 2.0711508 2.0332576 2.2470996 2.1207785 1.7601825 1.9832275 2.1721603 2.3726893 2.1614592 2.0465971 2.1805870 2.4023318 2.4023318 0.6434170 0.7039128 0.7060583 0.7066887 0.6994062 0.6141086 0.6762471 0.8256284 0.7059783 0.6878777 0.7318770 0.0000000 0.1481730 0.4273803 0.4697013 0.4477550 0.4819660 0.4459531 0.3952252 0.3831538 0.5632547 0.5077510 0.4875218 0.4940573 0.4695824 0.4111786 0.3453388 0.4105187 0.4020073 0.3806885 1.7678667 2.3895373 2.1983687 2.0932848 2.1624224 0.6851345 0.6202702 0.7195548 0.7316948 0.7211656 0.8407041 0.7215844 0.8154832 0.5862658 0.6658381 0.6139396 0.6552281 0.6248810 0.3842726 0.3906733 0.3277465 0.4611267 0.4841442 0.4101923 0.4334939 0.4404155 0.4005692 0.4150046 0.4094748 
SOLLC30910  0.4089531 2.0505040 2.0505040 1.9575015 1.9946182 2.0978310 1.8131194 1.7963705 2.0435754 2.0661702 2.0971306 2.0026505 2.0360339 2.2707151 2.2707151 0.5438322 0.6416369 0.6000618 0.6357526 0.6135556 0.5323072 0.6037035 0.6486857 0.5791591 0.5606192 0.6008290 0.1481730 0.0000000 0.3698939 0.3706224 0.3803022 0.3423420 0.3067892 0.3339726 0.3104956 0.4003295 0.4287684 0.4179569 0.4159790 0.3975999 0.3616931 0.3033993 0.3489651 0.3500805 0.3583873 1.7551716 2.2561156 2.0771455 1.9657526 1.9678886 0.5799433 0.6696540 0.6472855 0.6294730 0.6459729 0.7769281 0.6472626 0.7394887 0.4791266 0.5878684 0.5302464 0.5660726 0.5433232 0.3743041 0.3846579 0.3384797 0.3856929 0.4549333 0.3644894 0.3888832 0.3676492 0.3619816 0.3590820 0.3507616 
CUCSA14784  0.4278709 2.2366731 2.2366731 2.0275981 2.3104162 2.1693443 1.8853174 1.9788784 2.1072039 2.1397381 2.2944219 2.0221581 2.1863571 2.3048282 2.3048282 0.6537602 0.6627030 0.6441392 0.6612138 0.6316730 0.5716356 0.6317718 0.7913860 0.6440207 0.6234357 0.6834177 0.4273803 0.3698939 0.0000000 0.3673760 0.3667059 0.3826014 0.3218548 0.3691025 0.3513161 0.4449291 0.4772976 0.4635381 0.4657813 0.4272538 0.3974440 0.3480853 0.3871513 0.3856016 0.3445065 1.7868245 2.2246683 2.1668704 2.0820815 2.1304144 0.6844197 0.6181100 0.6573248 0.7103130 0.6660838 0.8544207 0.6660497 0.8308746 0.5411597 0.6168102 0.5688201 0.5902688 0.5769183 0.3944112 0.4182433 0.3621682 0.3634738 0.4225554 0.3539405 0.3777324 0.4231555 0.3937442 0.3913542 0.3890354 
MEDTR24375  0.4487688 2.1630259 2.1630259 2.0296749 2.2134041 2.2298289 1.8080863 2.0498200 2.1464139 2.1752706 2.2370514 2.0633795 2.0968655 2.3391421 2.3391421 0.7176480 0.7580193 0.7906512 0.7611170 0.7412541 0.6429128 0.7306153 0.8569715 0.7491656 0.7323830 0.7681838 0.4697013 0.3706224 0.3673760 0.0000000 0.1843808 0.2092113 0.2189556 0.3673101 0.3489944 0.4548403 0.4927254 0.4578266 0.4625055 0.4511985 0.3913149 0.3582731 0.3853302 0.3834703 0.3711024 1.7155794 2.2481683 2.1582063 2.1478447 2.2085316 0.7181003 0.6997798 0.8108347 0.7710435 0.7935002 0.8953264 0.7933937 0.8675454 0.6391168 0.7040272 0.6515946 0.7015398 0.6616913 0.3671862 0.3874257 0.3221495 0.1842269 0.2027198 0.1513061 0.1644143 0.3945498 0.3920916 0.3977311 0.3847332 
PHAVU09099  0.4472964 2.1295801 2.1295801 2.0550943 2.2937414 2.2690844 1.8465491 2.0897501 2.2174298 2.2274078 2.2790498 2.0905241 2.1143068 2.4060281 2.4060281 0.7305128 0.7422287 0.8156880 0.7482086 0.7630899 0.6459008 0.7590734 0.9216051 0.7476165 0.7215684 0.7690814 0.4477550 0.3803022 0.3667059 0.1843808 0.0000000 0.0748569 0.2180514 0.3691343 0.3499639 0.4671973 0.5146091 0.4791218 0.4893770 0.4534026 0.4071512 0.3701834 0.4080964 0.4037367 0.3846813 1.7428778 2.2982469 2.1837436 2.1139675 2.1534362 0.7292438 0.6831613 0.7958338 0.7800661 0.7851406 0.9001405 0.7850390 0.8923048 0.6705221 0.7194513 0.6606185 0.7079858 0.6701789 0.3742342 0.3946694 0.3320977 0.1290637 0.1479498 0.1058210 0.1103235 0.4099429 0.4026592 0.4132755 0.4074702 
PHAAN05400  0.4608073 2.1206954 2.1206954 2.0546973 2.2174307 2.2729401 1.8422782 2.1424144 2.2597631 2.2631229 2.2985856 2.1331712 2.1215681 2.4472888 2.4472888 0.7039719 0.7581865 0.8236678 0.7627394 0.7995726 0.6695686 0.7827961 0.9272091 0.7703783 0.7364694 0.7772263 0.4819660 0.3423420 0.3826014 0.2092113 0.0748569 0.0000000 0.2236725 0.3871728 0.3678420 0.4701698 0.5388172 0.5024323 0.5134427 0.4679721 0.4269622 0.3794357 0.4211028 0.4188669 0.4180062 1.7482641 2.3835322 2.2674177 2.1923003 2.2171051 0.7303240 0.6952648 0.8257269 0.7849001 0.8040163 0.9127676 0.8038941 0.8931303 0.6894075 0.7439969 0.6793162 0.7320523 0.6853436 0.3928574 0.4135385 0.3491276 0.1377297 0.1645269 0.1130391 0.1225000 0.4460945 0.4276330 0.4281214 0.4224645 
LUPAN02887  0.4202782 2.0612702 2.0612702 1.9758368 2.2142677 2.1608414 1.7584237 2.0150428 2.1064508 2.2122615 2.2133300 2.0923247 2.0258144 2.3148863 2.3148863 0.5956707 0.6662442 0.7372353 0.6685434 0.6512065 0.5516242 0.6507909 0.8497764 0.6428477 0.6405064 0.6823770 0.4459531 0.3067892 0.3218548 0.2189556 0.2180514 0.2236725 0.0000000 0.3542718 0.3587328 0.4359901 0.4764291 0.4351363 0.4574639 0.4263115 0.3886366 0.3546146 0.3722502 0.3669630 0.3775943 1.6323122 2.3423947 2.1424084 2.1784981 2.2249066 0.6176590 0.5801169 0.7307730 0.6355083 0.6989372 0.7856085 0.6994551 0.8080207 0.6091071 0.6361617 0.5649883 0.6044111 0.5895991 0.2938105 0.2966434 0.3064403 0.2104967 0.2215485 0.1779522 0.1785295 0.3839715 0.3615342 0.3802256 0.3740782 
POPTR27565  0.4171666 2.1548761 2.1548761 2.0146784 2.2857640 2.2577731 1.7835615 2.1016314 2.1086694 2.2435044 2.2416443 2.0494956 2.1063462 2.3205617 2.3205617 0.6523746 0.6915560 0.7112890 0.6913306 0.6550142 0.5714201 0.6474667 0.8348286 0.6520571 0.6454338 0.7334691 0.3952252 0.3339726 0.3691025 0.3673101 0.3691343 0.3871728 0.3542718 0.0000000 0.2981784 0.4299291 0.4457981 0.4310630 0.4415081 0.4227248 0.3059718 0.3129866 0.3450839 0.3458256 0.2868890 1.8127368 2.3465231 2.1342664 2.2205576 2.2395456 0.6791586 0.6286172 0.7312330 0.7307072 0.7175970 0.8576604 0.7177393 0.8547236 0.5770482 0.6157723 0.5603902 0.5963542 0.5683975 0.3705658 0.3827321 0.3331930 0.3706815 0.3944509 0.3405529 0.3489436 0.2837983 0.2515134 0.3591366 0.3469670 
PRUPE01558  0.4219452 2.2255655 2.2255655 2.0811729 2.2306718 2.2970800 1.7808118 2.0945840 2.1744868 2.1664664 2.1637837 2.0168693 2.1895549 2.2554615 2.2554615 0.6169864 0.6286769 0.6627921 0.6281530 0.6353159 0.5540026 0.6473224 0.8269627 0.6464626 0.6375190 0.6875113 0.3831538 0.3104956 0.3513161 0.3489944 0.3499639 0.3678420 0.3587328 0.2981784 0.0000000 0.4153912 0.4540582 0.4344950 0.4580258 0.4246312 0.2980895 0.2928427 0.3368769 0.3397106 0.2786317 1.7152254 2.2948840 2.1707888 2.0186301 2.0814863 0.6473096 0.5629116 0.6679950 0.6949499 0.6557928 0.8240860 0.6562465 0.8272126 0.5720849 0.6144565 0.5611839 0.5970188 0.5661048 0.3269061 0.3363633 0.3472455 0.3575588 0.3882170 0.3483354 0.3482042 0.3471971 0.3150607 0.3506481 0.3447879 
ARAAL13164  0.1341585 2.2498746 2.2498746 2.1352027 2.1698501 2.2410005 1.8050835 2.0515528 2.1405442 2.2924818 2.1620204 2.0681223 2.1317202 2.3467648 2.3467648 0.7016943 0.7153830 0.7447839 0.7103706 0.7310101 0.6419164 0.7080655 0.7994512 0.6769893 0.6736069 0.7478451 0.5632547 0.4003295 0.4449291 0.4548403 0.4671973 0.4701698 0.4359901 0.4299291 0.4153912 0.0000000 0.1944457 0.1889400 0.1854178 0.1383087 0.4459070 0.3818943 0.4098527 0.4080457 0.4371353 1.8303705 2.3024306 2.1322639 2.1126672 2.1463996 0.7358198 0.6429493 0.7358724 0.7892039 0.7451754 0.9113254 0.7450964 0.8732952 0.6122913 0.6910801 0.6326455 0.6627642 0.6378600 0.4358362 0.4652566 0.3748669 0.4565640 0.5008567 0.4285673 0.4600323 0.4279276 0.3904290 0.4072175 0.4120181 
BRARP40741  0.1751940 2.1173941 2.1173941 2.1225373 2.1756275 2.2128410 1.7008175 2.0362897 2.1653943 2.1713992 2.1113774 1.9903638 2.0890753 2.2689720 2.2689720 0.7346979 0.7122537 0.7602750 0.7086596 0.7313869 0.6487897 0.7332129 0.8763547 0.7136062 0.7125127 0.7724825 0.5077510 0.4287684 0.4772976 0.4927254 0.5146091 0.5388172 0.4764291 0.4457981 0.4540582 0.1944457 0.0000000 0.0182632 0.0209375 0.1803282 0.4231484 0.4024593 0.4373562 0.4306209 0.4448157 1.7551388 2.3322372 2.1786341 2.0993545 2.1799181 0.7272533 0.6374826 0.7449014 0.7829106 0.7506041 0.9215939 0.7514558 0.9322911 0.6660379 0.6944752 0.6431876 0.6668884 0.6522963 0.4081733 0.4290779 0.3926266 0.5107162 0.5472961 0.4858805 0.4975190 0.4619182 0.4174710 0.4234373 0.4379032 
BRANA93064  0.1635069 2.1498898 2.1498898 2.0467592 2.1760460 2.2505460 1.7531499 2.0582827 2.1269688 2.2028749 2.1755138 2.0386426 2.1132625 2.3336528 2.3336528 0.7049035 0.6890125 0.7245771 0.6852736 0.7049159 0.6231220 0.7009336 0.8286681 0.6753881 0.6864636 0.7504920 0.4875218 0.4179569 0.4635381 0.4578266 0.4791218 0.5024323 0.4351363 0.4310630 0.4344950 0.1889400 0.0182632 0.0000000 0.0000010 0.1670769 0.3992078 0.3887613 0.4093006 0.4049445 0.4156444 1.7550419 2.3016361 2.1573117 2.0605115 2.1439886 0.7040582 0.6218213 0.7184938 0.7598364 0.7233766 0.8891765 0.7245885 0.8964374 0.6254331 0.6653105 0.6133984 0.6300264 0.6252164 0.4020332 0.4283470 0.3876785 0.4676664 0.5081054 0.4496681 0.4583583 0.4455596 0.4004100 0.3955658 0.4098047 
BRAOL50779  0.1636220 2.1868118 2.1868118 2.1097970 2.2031612 2.2721457 1.7503789 2.1003691 2.1372793 2.1982513 2.1933601 2.0806738 2.1267899 2.3700720 2.3700720 0.7174364 0.6934314 0.7329273 0.6908795 0.7189890 0.6317681 0.7020510 0.8397795 0.6778080 0.6928463 0.7542448 0.4940573 0.4159790 0.4657813 0.4625055 0.4893770 0.5134427 0.4574639 0.4415081 0.4580258 0.1854178 0.0209375 0.0000010 0.0000000 0.1644383 0.4198489 0.4005867 0.4242502 0.4200128 0.4655002 1.7853569 2.3422286 2.2228970 2.1031566 2.1775893 0.7194937 0.6223396 0.7263814 0.7739835 0.7279691 0.9012982 0.7279010 0.9099184 0.6301949 0.6707580 0.6201265 0.6398726 0.6291977 0.4066425 0.4283470 0.3901036 0.4767597 0.5146587 0.4581068 0.4697471 0.4690470 0.4040925 0.4111047 0.4284077 
ARALY23192  0.0479495 2.1815238 2.1815238 2.0846963 2.1683211 2.2187940 1.7448435 2.0348010 2.1026935 2.1112833 2.1662958 2.0158921 2.1302557 2.3770312 2.3770312 0.6872771 0.6857598 0.7164026 0.6845876 0.6952437 0.6199976 0.7085299 0.7791540 0.6502579 0.6515291 0.7358862 0.4695824 0.3975999 0.4272538 0.4511985 0.4534026 0.4679721 0.4263115 0.4227248 0.4246312 0.1383087 0.1803282 0.1670769 0.1644383 0.0000000 0.4090174 0.3756459 0.3963688 0.3941320 0.4151343 1.7711519 2.3462948 2.1396595 2.0907034 2.1899783 0.7036020 0.6300877 0.7160196 0.7557863 0.7226030 0.8807676 0.7225371 0.8695703 0.6119509 0.6663312 0.6063709 0.6422398 0.6173399 0.4005423 0.4243715 0.3765136 0.4453610 0.4806372 0.4221854 0.4438058 0.4199874 0.3961400 0.3909417 0.3968410 
THECC12418  0.4030713 2.2779468 2.2779468 2.1531746 2.2972159 2.4177160 1.8330341 2.1081981 2.1092209 2.2456945 2.2752686 2.1051709 2.2569334 2.3443178 2.3443178 0.6855504 0.7418118 0.7243765 0.7404208 0.6446361 0.6028643 0.6545967 0.8146155 0.6848477 0.7076888 0.7688767 0.4111786 0.3616931 0.3974440 0.3913149 0.4071512 0.4269622 0.3886366 0.3059718 0.2980895 0.4459070 0.4231484 0.3992078 0.4198489 0.4090174 0.0000000 0.1623969 0.1996613 0.1968835 0.3285232 1.8120075 2.3324781 2.1674301 2.1240884 2.1365554 0.7309921 0.6595635 0.7960529 0.7430491 0.7420701 0.8569541 0.7425041 0.8441145 0.6162243 0.6552097 0.5864954 0.6050348 0.6018699 0.3480070 0.3765683 0.3357227 0.4080532 0.4518928 0.3827530 0.4038293 0.3578353 0.3052265 0.1863788 0.1993031 
COCAP18490  0.3705309 2.1568996 2.1568996 2.0569987 2.2728581 2.2619754 1.7269741 2.0761141 2.1391427 2.1638891 2.2408423 2.0584850 2.1549183 2.2772831 2.2772831 0.6326498 0.6868105 0.7077938 0.6855328 0.6180208 0.5703032 0.6455142 0.7849153 0.6545354 0.6587213 0.7030485 0.3453388 0.3033993 0.3480853 0.3582731 0.3701834 0.3794357 0.3546146 0.3129866 0.2928427 0.3818943 0.4024593 0.3887613 0.4005867 0.3756459 0.1623969 0.0000000 0.1944110 0.1917319 0.3094674 1.7231447 2.3168311 2.1348708 2.0731079 2.1220486 0.6787670 0.6118769 0.7238026 0.7321162 0.7084493 0.8591373 0.7088826 0.8538792 0.5789873 0.6185207 0.5480451 0.6019766 0.5680918 0.3398566 0.3648256 0.3180453 0.3754684 0.4122840 0.3540212 0.3736069 0.3165048 0.2937788 0.2004016 0.1940731 
GOSAR31066  0.3951235 2.1180765 2.1180765 2.0440914 2.2446233 2.2241595 1.7869878 2.0135814 2.1311136 2.1907110 2.2389170 2.1357046 2.1297861 2.2960717 2.2960717 0.6702089 0.7097295 0.7183934 0.7084056 0.6681635 0.6000950 0.6960394 0.8327163 0.6864184 0.6895917 0.7097164 0.4105187 0.3489651 0.3871513 0.3853302 0.4080964 0.4211028 0.3722502 0.3450839 0.3368769 0.4098527 0.4373562 0.4093006 0.4242502 0.3963688 0.1996613 0.1944110 0.0000000 0.0226949 0.3396216 1.6859045 2.3827406 2.2189582 2.1654354 2.2211943 0.7243918 0.6273967 0.7501273 0.7798517 0.7323015 0.9118518 0.7324376 0.9134938 0.6302932 0.6624648 0.5904228 0.6300911 0.6128383 0.3601223 0.3843044 0.3296067 0.4015937 0.4412834 0.3768603 0.3974660 0.3538507 0.3285256 0.0333638 0.0042107 
GOSRA46123  0.3928799 2.1207744 2.1207744 2.0562613 2.2276759 2.2309926 1.8039409 2.0236081 2.1407800 2.1997842 2.2526731 2.1337069 2.1165148 2.3104324 2.3104324 0.6657729 0.7184396 0.7307404 0.7171024 0.6644913 0.5986010 0.7023038 0.8337679 0.6940575 0.6883468 0.7236961 0.4020073 0.3500805 0.3856016 0.3834703 0.4037367 0.4188669 0.3669630 0.3458256 0.3397106 0.4080457 0.4306209 0.4049445 0.4200128 0.3941320 0.1968835 0.1917319 0.0226949 0.0000000 0.3321420 1.6916143 2.3780251 2.1715966 2.1561341 2.2124199 0.7123665 0.6365212 0.7573801 0.7622057 0.7445640 0.8995244 0.7446966 0.8955198 0.6223003 0.6634826 0.5913983 0.6369018 0.6156603 0.3633894 0.3874760 0.3281358 0.3998293 0.4395922 0.3754706 0.3960318 0.3560462 0.3392424 0.0157874 0.0212592 
VITVI23490  0.4111596 2.1698716 2.1698716 2.0646514 2.2815630 2.2439498 1.8680823 2.1342483 2.0805070 2.2312246 2.2438718 2.0663095 2.1804968 2.3791493 2.3791493 0.6228228 0.6867023 0.7123248 0.7001036 0.6673440 0.5727592 0.6413476 0.8262054 0.6824958 0.6845158 0.7072495 0.3806885 0.3583873 0.3445065 0.3711024 0.3846813 0.4180062 0.3775943 0.2868890 0.2786317 0.4371353 0.4448157 0.4156444 0.4655002 0.4151343 0.3285232 0.3094674 0.3396216 0.3321420 0.0000000 1.8213339 2.3261126 2.1690101 2.1778723 2.2394775 0.6430345 0.6159716 0.7339038 0.6774571 0.7182583 0.8161353 0.7182343 0.7967297 0.5902744 0.6479254 0.5820147 0.6385233 0.5922618 0.3232240 0.3397490 0.2737776 0.3606747 0.3777167 0.3168589 0.3370774 0.4261580 0.2903212 0.3423969 0.3443675 
SELML21516  1.7719942 2.1190017 2.1190017 1.8335378 2.2239693 2.1704937 1.7812468 1.9343022 1.9912168 1.8628174 1.9122074 1.8354307 1.9073999 2.1038855 2.1038855 1.7670619 1.7863644 1.8489455 1.7863644 1.8251475 1.8202308 2.0818291 2.0191000 1.7707471 1.7613469 1.8488992 1.7678667 1.7551716 1.7868245 1.7155794 1.7428778 1.7482641 1.6323122 1.8127368 1.7152254 1.8303705 1.7551388 1.7550419 1.7853569 1.7711519 1.8120075 1.7231447 1.6859045 1.6916143 1.8213339 0.0000000 2.1975445 1.9614861 2.2365051 2.2374180 1.8036021 1.7814539 1.7980956 1.9142294 1.8344688 2.0370778 1.8381733 2.1160838 1.8209446 1.8817148 1.7989221 1.8914512 1.8395314 1.9690591 1.8870233 1.8430272 1.6069536 1.8101805 1.7211442 1.6876718 1.8090418 1.8440969 1.6968022 1.6902954 
PARTE05201  2.3171266 1.6383694 1.6383694 1.5685812 1.6297375 2.0325202 1.8271378 2.0404264 1.8863629 2.0423895 1.9076503 2.0069782 1.9922334 2.0664282 2.0664282 2.2482813 2.3369720 2.4477188 2.3383697 2.3019851 2.3533791 2.4605519 2.5393182 2.3332802 2.3487299 2.3123940 2.3895373 2.2561156 2.2246683 2.2481683 2.2982469 2.3835322 2.3423947 2.3465231 2.2948840 2.3024306 2.3322372 2.3016361 2.3422286 2.3462948 2.3324781 2.3168311 2.3827406 2.3780251 2.3261126 2.1975445 0.0000000 0.7400291 1.8359867 1.9091051 2.2742257 2.3322306 2.3895395 2.3534222 2.4007218 2.4459969 2.3966956 2.4491158 2.4454047 2.4088489 2.3266864 2.3560185 2.3321832 2.3512226 2.3107846 2.3626268 2.2803306 2.3694482 2.3290363 2.2964650 2.3811649 2.2819178 2.3874028 2.3665216 
PARTE06261  2.1438657 1.3732234 1.3732234 1.3556675 1.2631979 1.8850899 1.6988764 2.0718483 1.8579021 1.8644688 1.7333281 1.9042692 1.8976044 1.9148924 1.9148924 2.1366388 2.2863101 2.4339600 2.2857785 2.1879877 2.2515132 2.3141327 2.4671844 2.2521725 2.2429086 2.2742819 2.1983687 2.0771455 2.1668704 2.1582063 2.1837436 2.2674177 2.1424084 2.1342664 2.1707888 2.1322639 2.1786341 2.1573117 2.2228970 2.1396595 2.1674301 2.1348708 2.2189582 2.1715966 2.1690101 1.9614861 0.7400291 0.0000000 1.7170645 1.7581167 2.0853996 2.2103619 2.3392022 2.1398407 2.3227197 2.2336567 2.3241576 2.3238694 2.4499794 2.3021574 2.2238217 2.2543761 2.2118350 2.0597745 2.0054196 2.1615473 2.0830190 2.1867921 2.1542107 2.1285467 2.2153257 2.0819420 2.1623894 2.2078301 
HYDVU01784  2.0612087 2.2042405 2.2042405 1.6591226 1.8841399 2.2230644 1.9581291 2.0446787 1.9188273 2.0000853 2.0331190 2.0635725 2.0681477 1.9233756 1.9233756 2.1445696 2.0637642 2.0619315 2.0522427 2.0582021 2.1030147 2.2323326 2.1077893 1.9923824 2.0898942 2.1583315 2.0932848 1.9657526 2.0820815 2.1478447 2.1139675 2.1923003 2.1784981 2.2205576 2.0186301 2.1126672 2.0993545 2.0605115 2.1031566 2.0907034 2.1240884 2.0731079 2.1654354 2.1561341 2.1778723 2.2365051 1.8359867 1.7170645 0.0000000 0.0029065 2.0764202 2.0133842 2.0916231 2.0666482 2.0543995 2.1998734 2.0510196 2.2488649 2.2287068 2.1955855 2.1624675 2.0565150 2.1133927 2.0682774 2.0927710 2.1189340 2.2315026 2.2976581 2.2177517 2.1632193 2.1968927 2.1160480 2.1271164 2.1696044 
HYDVU16662  2.1562927 2.2222592 2.2222592 1.7514706 1.9385675 2.3092402 1.9859202 2.1182819 1.9062037 2.0410922 2.0285594 2.0944679 2.0656210 1.9359417 1.9359417 2.1646785 2.0684686 2.0689175 2.0570946 2.0622873 2.1160307 2.2442696 2.1173423 2.0325645 2.1516067 2.1418178 2.1624224 1.9678886 2.1304144 2.2085316 2.1534362 2.2171051 2.2249066 2.2395456 2.0814863 2.1463996 2.1799181 2.1439886 2.1775893 2.1899783 2.1365554 2.1220486 2.2211943 2.2124199 2.2394775 2.2374180 1.9091051 1.7581167 0.0029065 0.0000000 2.0931575 2.0159459 2.0910284 2.0889464 2.0598286 2.2142748 2.0564970 2.2646553 2.2536898 2.2069594 2.1854048 2.0679898 2.1264925 2.0584315 2.0828883 2.1082187 2.2760619 2.3162310 2.2398045 2.2046464 2.2586071 2.1378525 2.1899104 2.2251091 
ORYLO07186  0.6951063 1.9993599 1.9993599 2.0391744 2.1546633 2.1437689 1.8336629 1.9249428 2.0868370 2.1326200 2.0958724 2.0576215 2.0824314 2.3994647 2.3994647 0.3233327 0.5600240 0.6102791 0.5569681 0.4871404 0.4811418 0.5760912 0.6808702 0.5113378 0.5274718 0.5787862 0.6851345 0.5799433 0.6844197 0.7181003 0.7292438 0.7303240 0.6176590 0.6791586 0.6473096 0.7358198 0.7272533 0.7040582 0.7194937 0.7036020 0.7309921 0.6787670 0.7243918 0.7123665 0.6430345 1.8036021 2.2742257 2.0853996 2.0764202 2.0931575 0.0000000 0.4990520 0.5531346 0.1006959 0.5682356 0.1333570 0.5692116 0.1517917 0.5030460 0.5432785 0.4811037 0.5297025 0.4992638 0.6397133 0.6760331 0.5664449 0.7116965 0.7616732 0.6741668 0.7014098 0.6540289 0.6243415 0.7302472 0.7231551 
ORYLO14359  0.6299447 2.2337617 2.2337617 2.0863129 2.0637623 1.9394351 1.6884062 1.8208580 2.0474001 2.0627396 2.1556344 2.1358307 1.8919165 2.1449324 2.1449324 0.4739417 0.0173047 0.0205399 0.0172926 0.4441184 0.4124192 0.5221407 0.5728567 0.4825579 0.5095639 0.4727032 0.6202702 0.6696540 0.6181100 0.6997798 0.6831613 0.6952648 0.5801169 0.6286172 0.5629116 0.6429493 0.6374826 0.6218213 0.6223396 0.6300877 0.6595635 0.6118769 0.6273967 0.6365212 0.6159716 1.7814539 2.3322306 2.2103619 2.0133842 2.0159459 0.4990520 0.0000000 0.0842141 0.5403743 0.0170001 0.5340110 0.0192694 0.5073482 0.4302938 0.4671408 0.4230681 0.4581064 0.4319937 0.6929245 0.7005367 0.6113955 0.6489413 0.7221393 0.6277197 0.6451871 0.5787702 0.5752438 0.6359102 0.6303021 
ORYPU21343  0.7063710 2.1077836 2.1077836 2.1195346 2.2440133 2.0936575 1.7337604 1.9070609 2.1453998 2.1845758 2.3261369 2.1985347 1.8843794 2.2234281 2.2234281 0.5652689 0.1003483 0.0951332 0.0956933 0.5271902 0.5250424 0.6195170 0.6738312 0.5396583 0.5616926 0.5035335 0.7195548 0.6472855 0.6573248 0.8108347 0.7958338 0.8257269 0.7307730 0.7312330 0.6679950 0.7358724 0.7449014 0.7184938 0.7263814 0.7160196 0.7960529 0.7238026 0.7501273 0.7573801 0.7339038 1.7980956 2.3895395 2.3392022 2.0916231 2.0910284 0.5531346 0.0842141 0.0000000 0.6087103 0.0960367 0.6237548 0.0980691 0.6253420 0.5557813 0.5782449 0.5296684 0.5524923 0.5344824 0.6888564 0.7083615 0.6151104 0.7634528 0.8401233 0.7423382 0.7528842 0.7147723 0.6636976 0.7581439 0.7528177 
