65
ARATH20773  0.0000000 1.9660671 2.1102669 1.1195393 0.6604572 0.4621865 0.4486262 0.5046083 0.4477563 0.4479987 0.4456736 0.4456736 0.4626368 0.4809951 0.4687559 0.5586276 0.4868787 0.4796515 0.4636882 0.3073560 0.2973836 0.3046577 0.2980844 0.2934487 0.2975601 0.3049491 0.3085117 0.0528806 0.0928521 0.0866908 0.0229170 0.3154423 0.3077633 0.3029449 0.2948037 0.4465895 0.9176780 0.8332339 0.4739406 0.4769781 0.4730949 0.3612437 0.3593638 0.3375844 0.3563102 0.3598617 0.3718829 0.3989505 0.3662826 0.4089244 0.3581840 0.4695900 0.3319169 0.3240066 0.3291115 0.3173845 0.3072482 0.0880667 0.0866908 0.3387854 0.3326873 0.3145558 0.3093514 0.7200371 0.7165530 
STYLE07007  1.9660671 0.0000000 2.3991044 2.1429781 2.1798493 2.1164379 2.0448643 2.2732264 2.0701388 2.0402939 2.0389115 2.0389115 2.1294726 2.1083769 2.0939110 2.2360441 2.2038567 2.1502210 2.1027588 2.0152987 1.9756948 1.9611955 2.0536747 1.9175483 1.9575065 1.8938086 1.9738543 2.0160798 1.9142691 1.9465135 1.9398645 1.9569177 2.0316708 2.0090764 2.0071999 1.9840056 2.2958837 2.1103905 2.0918768 2.0846078 2.0735655 2.1105918 1.9860256 1.9881145 2.0449180 2.0938232 1.9609303 1.9982927 1.9965825 2.0134651 2.0189797 2.1694931 2.0212534 1.9990245 1.9863063 1.8974002 1.8897047 1.9142592 1.9465135 2.1293557 2.0495130 2.0479293 2.0096880 2.0490536 2.0490536 
CHOCR05692  2.1102669 2.3991044 0.0000000 2.3620604 1.9347963 2.2505201 2.2378328 2.4367626 2.2262569 2.2202126 2.2304295 2.2304295 2.1288499 2.2948350 2.1715023 2.2671860 2.0704164 2.2502113 2.2021161 2.1121282 2.1530185 2.0294470 2.0917011 2.0401167 2.1027335 2.0829391 2.0272039 2.0999436 2.1037664 2.1433869 1.9976722 2.1682339 2.1643083 2.1643749 2.1760489 2.1655685 2.5013931 2.1831687 2.2015459 2.1619953 2.1784658 1.9665512 1.9602055 1.9675572 2.1365712 2.1069560 2.2605002 2.3151703 2.1088486 2.3182985 2.1216784 2.2680863 1.9877539 2.0622329 2.1103424 2.0943395 2.1103934 2.1048743 2.1433869 2.2394020 2.1785310 2.1790207 2.1445021 2.0178843 2.0178843 
KLEFL05907  1.1195393 2.1429781 2.3620604 0.0000000 0.8991007 1.1099994 1.1096713 1.2542866 1.0992307 1.1025074 1.0999056 1.0999056 1.0786187 1.2329163 1.0961779 1.2817965 1.0407653 1.1392632 1.1015729 1.0248266 1.0068569 1.0714778 1.0868851 1.0367348 1.0291722 1.0283946 1.0240428 1.0944793 1.0952187 1.0741792 1.0278792 1.0645860 1.0480388 1.0443943 0.9785951 1.0166662 1.0450686 1.0078380 1.1047189 1.1209572 1.1055075 1.0772650 1.0594251 0.9741387 1.0298946 1.0800190 1.0179902 1.0611601 1.0557531 1.0676663 1.0699620 1.2050745 1.0666304 1.0586909 1.0987274 1.0266117 1.0211809 1.0912140 1.0741792 1.1119651 1.0763713 1.0499017 1.0461218 1.0626683 1.0608815 
MARPO22104  0.6604572 2.1798493 1.9347963 0.8991007 0.0000000 0.6508777 0.6619546 0.7503822 0.6548763 0.6549422 0.6544103 0.6544103 0.6811138 0.7034567 0.6747141 0.7671460 0.6516638 0.6814989 0.6714995 0.5283730 0.5672521 0.5485452 0.5475495 0.5327241 0.5574609 0.5283457 0.5114671 0.6458845 0.6375154 0.6204344 0.6059875 0.5898987 0.5855039 0.5951720 0.5198455 0.5801564 0.6771031 0.5664833 0.6743227 0.6823398 0.6673241 0.6034831 0.5622644 0.5544576 0.5671304 0.6139469 0.6040560 0.6188802 0.6268549 0.6301147 0.6261727 0.6905848 0.5637110 0.5391664 0.5538977 0.5543900 0.5443410 0.6342604 0.6204344 0.6226436 0.6016143 0.5962761 0.5972708 0.4721591 0.4693907 
ORYBR26349  0.4621865 2.1164379 2.2505201 1.1099994 0.6508777 0.0000000 0.0401330 0.0841114 0.0265357 0.0333933 0.0333807 0.0333807 0.0399838 0.1258025 0.1242796 0.2247259 0.1679466 0.1409210 0.1323427 0.3981605 0.4065977 0.3662256 0.3852773 0.3792665 0.3862017 0.3844171 0.3793132 0.4716715 0.4463716 0.4485706 0.4015207 0.4335674 0.4310355 0.4284132 0.3971612 0.4795274 0.8598792 0.8000774 0.1293563 0.1319126 0.1266748 0.3825774 0.3692009 0.3479811 0.3847961 0.4689686 0.4758098 0.4830204 0.4806237 0.4822228 0.4595537 0.5391192 0.4067880 0.3954511 0.3948843 0.4255309 0.4062451 0.4538576 0.4485706 0.4421647 0.4364122 0.4350598 0.4323420 0.7050787 0.7008949 
ORYGL24816  0.4486262 2.0448643 2.2378328 1.1096713 0.6619546 0.0401330 0.0000000 0.0685130 0.0217303 0.0107950 0.0064409 0.0064409 0.0128501 0.1304344 0.1304921 0.2439948 0.1899484 0.1419177 0.1339975 0.3809938 0.4198123 0.3643837 0.3889818 0.3860338 0.3843532 0.3927482 0.3833986 0.4578026 0.4350623 0.4363450 0.3981436 0.4388259 0.4363652 0.4337930 0.3966695 0.4914358 0.8730244 0.8155306 0.1355566 0.1381043 0.1328759 0.3756767 0.3637898 0.3549092 0.3872988 0.4577869 0.4660816 0.4778691 0.4700482 0.4818141 0.4529106 0.5617591 0.4167697 0.4082825 0.4041150 0.4319074 0.4058087 0.4423518 0.4363450 0.4403827 0.4388266 0.4411254 0.4376622 0.6976600 0.6935758 
ORYLO22107  0.5046083 2.2732264 2.4367626 1.2542866 0.7503822 0.0841114 0.0685130 0.0000000 0.0717977 0.0598611 0.0598344 0.0598344 0.0782194 0.1258489 0.2025755 0.1589371 0.2143560 0.1917873 0.1942723 0.4131450 0.4472048 0.4135040 0.4337679 0.4213189 0.4325393 0.4292293 0.4207046 0.5183320 0.4887739 0.4830876 0.4692827 0.4778603 0.4635163 0.4685461 0.4253367 0.5483238 1.0487698 0.9128829 0.2036970 0.2104165 0.2032820 0.4143954 0.4142882 0.3913107 0.4426249 0.5204116 0.5209889 0.5574124 0.5264649 0.5572783 0.5053811 0.5059816 0.4537788 0.4423019 0.4316877 0.4463396 0.4331316 0.4985350 0.4830876 0.4506720 0.4589598 0.4666769 0.4736270 0.7217468 0.7165397 
ORYPU27687  0.4477563 2.0701388 2.2262569 1.0992307 0.6548763 0.0265357 0.0217303 0.0717977 0.0000000 0.0107931 0.0151836 0.0151836 0.0128474 0.1188372 0.1226501 0.2312495 0.1759400 0.1319704 0.1230266 0.3821990 0.4088147 0.3598027 0.3843637 0.3814342 0.3797465 0.3851088 0.3763571 0.4569241 0.4306035 0.4326778 0.3937464 0.4298417 0.4271025 0.4245305 0.3877912 0.4815591 0.8720253 0.8081944 0.1276533 0.1301729 0.1250121 0.3650091 0.3538377 0.3482976 0.3777021 0.4592221 0.4655791 0.4774291 0.4740921 0.4766543 0.4567872 0.5509753 0.4070842 0.3977398 0.3937989 0.4218360 0.3954905 0.4378704 0.4326778 0.4352116 0.4336545 0.4318451 0.4283723 0.6953028 0.6912199 
ORYRU32807  0.4479987 2.0402939 2.2202126 1.1025074 0.6549422 0.0333933 0.0107950 0.0598611 0.0107931 0.0000000 0.0043097 0.0043097 0.0000010 0.1222842 0.1228520 0.2318329 0.1797148 0.1356919 0.1282989 0.3783054 0.4088815 0.3593131 0.3838634 0.3809366 0.3792486 0.3831666 0.3744619 0.4571747 0.4308337 0.4329106 0.3974067 0.4295929 0.4271712 0.4245990 0.3858559 0.4814998 0.8739373 0.8142157 0.1278645 0.1303888 0.1252183 0.3603065 0.3520753 0.3515263 0.3807037 0.4542601 0.4612772 0.4751478 0.4690166 0.4743775 0.4518327 0.5551252 0.4098814 0.3972363 0.3932949 0.4219046 0.3949840 0.4381064 0.4329106 0.4311168 0.4295641 0.4319143 0.4284413 0.6957384 0.6916513 
ORYNI28574  0.4456736 2.0389115 2.2304295 1.0999056 0.6544103 0.0333807 0.0064409 0.0598344 0.0151836 0.0043097 0.0000000 0.0000010 0.0051293 0.1272333 0.1281339 0.2404585 0.1868891 0.1395044 0.1315933 0.3753280 0.4104430 0.3589076 0.3834359 0.3805130 0.3788255 0.3834852 0.3742638 0.4548262 0.4321153 0.4333861 0.3948070 0.4293494 0.4269304 0.4243601 0.3874573 0.4834405 0.8669042 0.8118351 0.1331891 0.1357331 0.1305154 0.3666735 0.3583565 0.3515263 0.3841249 0.4548250 0.4630901 0.4748660 0.4670694 0.4787953 0.4499572 0.5555493 0.4104250 0.3989984 0.3948247 0.4224398 0.3966000 0.4393935 0.4333861 0.4308715 0.4293200 0.4316699 0.4281990 0.6941732 0.6900954 
ORYSI32123  0.4456736 2.0389115 2.2304295 1.0999056 0.6544103 0.0333807 0.0064409 0.0598344 0.0151836 0.0043097 0.0000010 0.0000000 0.0051293 0.1272333 0.1281339 0.2404585 0.1868891 0.1395044 0.1315933 0.3753280 0.4104430 0.3589076 0.3834359 0.3805130 0.3788255 0.3834852 0.3742638 0.4548262 0.4321153 0.4333861 0.3948070 0.4293494 0.4269304 0.4243601 0.3874573 0.4834405 0.8669042 0.8118351 0.1331891 0.1357331 0.1305154 0.3666735 0.3583565 0.3515263 0.3841249 0.4548250 0.4630901 0.4748660 0.4670694 0.4787953 0.4499572 0.5555493 0.4104250 0.3989984 0.3948247 0.4224398 0.3966000 0.4393935 0.4333861 0.4308715 0.4293200 0.4316699 0.4281990 0.6941732 0.6900954 
ORYSJ29382  0.4626368 2.1294726 2.1288499 1.0786187 0.6811138 0.0399838 0.0128501 0.0782194 0.0128474 0.0000010 0.0051293 0.0051293 0.0000000 0.1289514 0.1243035 0.2417412 0.3353096 0.1394896 0.1308580 0.4185967 0.4549966 0.3988750 0.4340404 0.4339456 0.4240743 0.4298983 0.4058822 0.4722630 0.4529344 0.4555762 0.4034836 0.4705218 0.4674116 0.4642979 0.4327352 0.5368810 0.9043152 0.8249858 0.1305265 0.1306236 0.1244613 0.3950536 0.3846595 0.3770005 0.4148409 0.4895704 0.5090803 0.5217113 0.5045043 0.5205060 0.4978073 0.6358075 0.4574337 0.4506244 0.4458929 0.4671741 0.4365111 0.4575702 0.4555762 0.4768231 0.4771109 0.4732409 0.4690915 0.7178388 0.7129150 
BRADI18278  0.4809951 2.1083769 2.2948350 1.2329163 0.7034567 0.1258025 0.1304344 0.1258489 0.1188372 0.1222842 0.1272333 0.1272333 0.1289514 0.0000000 0.0828407 0.0811983 0.0894094 0.1235921 0.1242475 0.4006257 0.4218728 0.3893672 0.4112019 0.3982529 0.4070132 0.4025942 0.3878447 0.5002097 0.4523261 0.4610130 0.4866497 0.4801517 0.4754339 0.4809765 0.4033492 0.4920750 0.9792900 0.8450689 0.0859444 0.0924035 0.0857733 0.4033174 0.3945925 0.3489640 0.4060695 0.4655071 0.4540926 0.4894988 0.4762166 0.4907214 0.4540030 0.4590265 0.4590265 0.4144967 0.4131735 0.4344414 0.4271706 0.4626769 0.4610130 0.4607878 0.4651928 0.4788876 0.4865774 0.6463415 0.6409982 
HORVV148848 0.4687559 2.0939110 2.1715023 1.0961779 0.6747141 0.1242796 0.1304921 0.2025755 0.1226501 0.1228520 0.1281339 0.1281339 0.1243035 0.0828407 0.0000000 0.1068104 0.0716481 0.1398620 0.1270228 0.4026796 0.4196135 0.3898015 0.4097113 0.4066277 0.4009892 0.4029588 0.3859198 0.4757297 0.4413299 0.4586677 0.4253990 0.4682396 0.4690232 0.4663962 0.4059270 0.4833107 0.8703434 0.8130159 0.0173815 0.0195855 0.0151653 0.3858194 0.3821111 0.3557322 0.3929802 0.4473496 0.4563869 0.4582936 0.4542478 0.4612430 0.4434058 0.5809584 0.4343483 0.4211044 0.4262489 0.4441256 0.4221853 0.4487208 0.4586677 0.4808482 0.4774517 0.4715299 0.4680228 0.7126043 0.7084709 
AEGTA11392  0.5586276 2.2360441 2.2671860 1.2817965 0.7671460 0.2247259 0.2439948 0.1589371 0.2312495 0.2318329 0.2404585 0.2404585 0.2417412 0.0811983 0.1068104 0.0000000 0.0536694 0.2631934 0.2555833 0.5006841 0.5543049 0.5274228 0.5433697 0.5372749 0.5442462 0.5185905 0.4954802 0.5853966 0.5447086 0.5669288 0.5062144 0.6041877 0.6030368 0.6057727 0.5153807 0.6220963 1.2034010 0.9742914 0.1038638 0.1073567 0.0968016 0.5048413 0.4970629 0.4069039 0.4646168 0.5636194 0.5861816 0.5926771 0.5768255 0.5983135 0.5608620 0.6281253 0.5309253 0.5423817 0.5480293 0.5536581 0.5350214 0.5506434 0.5669288 0.6112830 0.5948230 0.6057633 0.6089113 0.7684418 0.7624842 
TRIUA27400  0.4868787 2.2038567 2.0704164 1.0407653 0.6516638 0.1679466 0.1899484 0.2143560 0.1759400 0.1797148 0.1868891 0.1868891 0.3353096 0.0894094 0.0716481 0.0536694 0.0000000 0.1929893 0.1900754 0.4447725 0.4453671 0.4408182 0.4650151 0.4506280 0.4555623 0.4543826 0.4227042 0.4960134 0.4610504 0.4831917 0.4285448 0.5278012 0.5116704 0.5107248 0.4424925 0.5281283 0.8157363 0.7474632 0.0628513 0.0688910 0.0657597 0.4207521 0.4072262 0.3678218 0.4238539 0.4709477 0.4938479 0.5149210 0.4835872 0.5231528 0.4706074 0.5407423 0.4734080 0.4709032 0.4739322 0.4641745 0.4521781 0.4659541 0.4831917 0.5118147 0.5054512 0.5118557 0.5129582 0.6745432 0.6695105 
SORBI24230  0.4796515 2.1502210 2.2502113 1.1392632 0.6814989 0.1409210 0.1419177 0.1917873 0.1319704 0.1356919 0.1395044 0.1395044 0.1394896 0.1235921 0.1398620 0.2631934 0.1929893 0.0000000 0.0476787 0.4179106 0.4298384 0.3748649 0.4012493 0.3949877 0.3939749 0.4089069 0.3992370 0.4793491 0.4670861 0.4820152 0.4347749 0.4410150 0.4519791 0.4493737 0.4201846 0.5053746 0.9048170 0.8280516 0.1400426 0.1426247 0.1373198 0.4061371 0.4029442 0.3638400 0.4073502 0.4647544 0.4788088 0.4905732 0.4850852 0.4881866 0.4640201 0.5679352 0.4199346 0.4162611 0.4183860 0.4381235 0.4317858 0.4747051 0.4820152 0.4569357 0.4722263 0.4568289 0.4537845 0.6880304 0.6839639 
SETIT02270  0.4636882 2.1027588 2.2021161 1.1015729 0.6714995 0.1323427 0.1339975 0.1942723 0.1230266 0.1282989 0.1315933 0.1315933 0.1308580 0.1242475 0.1270228 0.2555833 0.1900754 0.0476787 0.0000000 0.4152147 0.4174256 0.3608845 0.3817062 0.3823985 0.3782352 0.3924599 0.3740519 0.4633560 0.4470554 0.4654650 0.4186098 0.4421467 0.4458124 0.4431920 0.4024022 0.4951924 0.8675093 0.8090195 0.1275698 0.1301221 0.1249064 0.3911403 0.3828874 0.3481835 0.3868916 0.4489012 0.4731307 0.4829135 0.4719748 0.4829597 0.4510787 0.5593061 0.4106076 0.3945551 0.3922703 0.4156243 0.4094818 0.4545953 0.4654650 0.4496343 0.4632839 0.4506789 0.4476056 0.6942482 0.6901387 
HELAN13091  0.3073560 2.0152987 2.1121282 1.0248266 0.5283730 0.3981605 0.3809938 0.4131450 0.3821990 0.3783054 0.3753280 0.3753280 0.4185967 0.4006257 0.4026796 0.5006841 0.4447725 0.4179106 0.4152147 0.0000000 0.2538221 0.2505610 0.2739429 0.2499720 0.2439818 0.2487894 0.2350058 0.3016566 0.2909807 0.2764156 0.2854413 0.2550982 0.2465609 0.2471224 0.1770264 0.3708395 0.7750306 0.7075995 0.4081196 0.4122578 0.4068288 0.3324322 0.3089608 0.2624343 0.2638462 0.2695162 0.2744995 0.2933066 0.2988897 0.2989143 0.2955414 0.3913400 0.2614842 0.2913597 0.2704304 0.2633849 0.2476004 0.2911053 0.2764156 0.2909384 0.2646890 0.2548626 0.2505476 0.6234942 0.6201706 
CUCSA07780  0.2973836 1.9756948 2.1530185 1.0068569 0.5672521 0.4065977 0.4198123 0.4472048 0.4088147 0.4088815 0.4104430 0.4104430 0.4549966 0.4218728 0.4196135 0.5543049 0.4453671 0.4298384 0.4174256 0.2538221 0.0000000 0.2205984 0.2150970 0.2174083 0.2193860 0.2200919 0.1704314 0.2866641 0.2763464 0.2822764 0.2553003 0.2445216 0.2530046 0.2522051 0.2024881 0.3814184 0.8510412 0.7691951 0.4241363 0.4281543 0.4231855 0.3068905 0.2860652 0.2672923 0.2829606 0.2807051 0.2885361 0.2979630 0.3095944 0.2973137 0.3052744 0.4108466 0.2806574 0.2348216 0.2484110 0.2374677 0.2112811 0.2734517 0.2822764 0.2695812 0.2562225 0.2602342 0.2584621 0.6763893 0.6758027 
LOTJA00850  0.3046577 1.9611955 2.0294470 1.0714778 0.5485452 0.3662256 0.3643837 0.4135040 0.3598027 0.3593131 0.3589076 0.3589076 0.3988750 0.3893672 0.3898015 0.5274228 0.4408182 0.3748649 0.3608845 0.2505610 0.2205984 0.0000000 0.0964737 0.0960627 0.0967254 0.2125573 0.1746342 0.3042739 0.2941419 0.2827878 0.2945869 0.2290993 0.2240494 0.2271545 0.1894440 0.3700502 0.8785143 0.7847703 0.3959824 0.3995331 0.3947797 0.3194828 0.2668127 0.2715748 0.3055008 0.2764978 0.2808374 0.3008059 0.2754104 0.3066735 0.2658347 0.2697616 0.1488807 0.1084236 0.1116229 0.2460132 0.2198403 0.2944455 0.2827878 0.2397808 0.2426468 0.2331331 0.2321634 0.6565640 0.6532483 
PHAVU24183  0.2980844 2.0536747 2.0917011 1.0868851 0.5475495 0.3852773 0.3889818 0.4337679 0.3843637 0.3838634 0.3834359 0.3834359 0.4340404 0.4112019 0.4097113 0.5433697 0.4650151 0.4012493 0.3817062 0.2739429 0.2150970 0.0964737 0.0000000 0.0220626 0.1045661 0.1963321 0.1706420 0.2968684 0.2911002 0.2787130 0.2865953 0.2179839 0.2103184 0.2051963 0.1695367 0.3575013 0.8421126 0.7718591 0.4146598 0.4182691 0.4137412 0.3244456 0.2883273 0.2841317 0.2973603 0.2689711 0.2688356 0.2858774 0.2719395 0.2928615 0.2623565 0.3302304 0.1708861 0.1059469 0.0706915 0.2427906 0.2194858 0.2914001 0.2787130 0.2911220 0.2399778 0.2184531 0.2110055 0.6230812 0.6234861 
PHAAN09852  0.2934487 1.9175483 2.0401167 1.0367348 0.5327241 0.3792665 0.3860338 0.4213189 0.3814342 0.3809366 0.3805130 0.3805130 0.4339456 0.3982529 0.4066277 0.5372749 0.4506280 0.3949877 0.3823985 0.2499720 0.2174083 0.0960627 0.0220626 0.0000000 0.1034048 0.2008629 0.1769937 0.2979489 0.2927719 0.2804537 0.2781810 0.2158974 0.2080803 0.2083267 0.1675833 0.3557782 0.8287685 0.7500111 0.4115465 0.4151341 0.4106385 0.3291083 0.2922115 0.2840334 0.2971955 0.2693901 0.2618842 0.2902749 0.2717496 0.2972649 0.2622113 0.2743988 0.1569635 0.0676702 0.0682198 0.2334251 0.2105038 0.2930716 0.2804537 0.2376205 0.2360948 0.2161530 0.2141210 0.6258765 0.6262814 
LUPAN04784  0.2975601 1.9575065 2.1027335 1.0291722 0.5574609 0.3862017 0.3843532 0.4325393 0.3797465 0.3792486 0.3788255 0.3788255 0.4240743 0.4070132 0.4009892 0.5442462 0.4555623 0.3939749 0.3782352 0.2439818 0.2193860 0.0967254 0.1045661 0.1034048 0.0000000 0.1985785 0.1787356 0.2908155 0.2876299 0.2772805 0.2902924 0.2257040 0.2339692 0.2342531 0.1739404 0.3475676 0.8283218 0.7649849 0.4066569 0.4102157 0.4054306 0.3178902 0.2876090 0.2656791 0.2894888 0.2753055 0.2683135 0.2920515 0.2797399 0.3008257 0.2700991 0.2733804 0.1581405 0.1181458 0.1317354 0.2272557 0.1991343 0.2879245 0.2772805 0.2495994 0.2529684 0.2440081 0.2402006 0.6373826 0.6341403 
POPTR58659  0.3049491 1.8938086 2.0829391 1.0283946 0.5283457 0.3844171 0.3927482 0.4292293 0.3851088 0.3831666 0.3834852 0.3834852 0.4298983 0.4025942 0.4029588 0.5185905 0.4543826 0.4089069 0.3924599 0.2487894 0.2200919 0.2125573 0.1963321 0.2008629 0.1985785 0.0000000 0.1757073 0.3028349 0.3102510 0.3040454 0.2911940 0.2169690 0.2193468 0.2130418 0.1763934 0.3536938 0.8472483 0.7374136 0.4082283 0.4115976 0.4069777 0.3130316 0.3225404 0.2463838 0.2587134 0.2685726 0.2777222 0.2766863 0.2922176 0.2798799 0.2908395 0.3649084 0.2344855 0.2001632 0.2193986 0.1601930 0.1346114 0.3072093 0.3040454 0.2331952 0.2232965 0.2284475 0.2218442 0.6312500 0.6279626 
PRUPE21865  0.3085117 1.9738543 2.0272039 1.0240428 0.5114671 0.3793132 0.3833986 0.4207046 0.3763571 0.3744619 0.3742638 0.3742638 0.4058822 0.3878447 0.3859198 0.4954802 0.4227042 0.3992370 0.3740519 0.2350058 0.1704314 0.1746342 0.1706420 0.1769937 0.1787356 0.1757073 0.0000000 0.2971089 0.2896764 0.2774728 0.2818486 0.2247566 0.2329841 0.2324101 0.1251869 0.3440340 0.8672054 0.7733783 0.3912224 0.3943924 0.3902945 0.2944296 0.2832630 0.2712410 0.2787685 0.2526651 0.2517306 0.2630921 0.2691037 0.2638984 0.2650939 0.3523712 0.2309454 0.1892602 0.1961354 0.2232307 0.1925853 0.2867031 0.2774728 0.2472484 0.2366209 0.2432342 0.2386790 0.6582842 0.6549275 
ARAAL06698  0.0528806 2.0160798 2.0999436 1.0944793 0.6458845 0.4716715 0.4578026 0.5183320 0.4569241 0.4571747 0.4548262 0.4548262 0.4722630 0.5002097 0.4757297 0.5853966 0.4960134 0.4793491 0.4633560 0.3016566 0.2866641 0.3042739 0.2968684 0.2979489 0.2908155 0.3028349 0.2971089 0.0000000 0.0932237 0.0847250 0.0459846 0.3207372 0.3136289 0.3087483 0.2864330 0.4359377 0.9130587 0.8159218 0.4837997 0.4868666 0.4829291 0.3563878 0.3550475 0.3188433 0.3425820 0.3626534 0.3680299 0.3855240 0.3638985 0.3917363 0.3558039 0.4706318 0.3308521 0.3174588 0.3270179 0.3191203 0.3088062 0.0884177 0.0847250 0.3322936 0.3261471 0.3204954 0.3157061 0.7115582 0.7080898 
BRARP18872  0.0928521 1.9142691 2.1037664 1.0952187 0.6375154 0.4463716 0.4350623 0.4887739 0.4306035 0.4308337 0.4321153 0.4321153 0.4529344 0.4523261 0.4413299 0.5447086 0.4610504 0.4670861 0.4470554 0.2909807 0.2763464 0.2941419 0.2911002 0.2927719 0.2876299 0.3102510 0.2896764 0.0932237 0.0000000 0.0352815 0.0906117 0.3216007 0.3172900 0.3131322 0.2859113 0.4193156 0.8995517 0.8269565 0.4464731 0.4494712 0.4456845 0.3430915 0.3256666 0.3198098 0.3545609 0.3526549 0.3607756 0.3837985 0.3545329 0.3928335 0.3464669 0.4545619 0.3216494 0.3016805 0.3213852 0.3311999 0.3271444 0.0065172 0.0352815 0.3368676 0.3289779 0.3235036 0.3197047 0.7262727 0.7227307 
BRAOL29252  0.0866908 1.9465135 2.1433869 1.0741792 0.6204344 0.4485706 0.4363450 0.4830876 0.4326778 0.4329106 0.4333861 0.4333861 0.4555762 0.4610130 0.4586677 0.5669288 0.4831917 0.4820152 0.4654650 0.2764156 0.2822764 0.2827878 0.2787130 0.2804537 0.2772805 0.3040454 0.2774728 0.0847250 0.0352815 0.0000000 0.0832676 0.3028414 0.2936518 0.2913398 0.2735498 0.4127335 0.8727620 0.8038571 0.4638698 0.4669118 0.4630399 0.3504458 0.3298701 0.3115819 0.3406855 0.3439807 0.3481000 0.3708555 0.3446527 0.3822344 0.3366508 0.4374601 0.3048610 0.3038064 0.3111840 0.3180903 0.3117373 0.0352951 0.0000010 0.3166710 0.3088673 0.3014908 0.2977417 0.7092725 0.7057738 
ARALY10923  0.0229170 1.9398645 1.9976722 1.0278792 0.6059875 0.4015207 0.3981436 0.4692827 0.3937464 0.3974067 0.3948070 0.3948070 0.4034836 0.4866497 0.4253990 0.5062144 0.4285448 0.4347749 0.4186098 0.2854413 0.2553003 0.2945869 0.2865953 0.2781810 0.2902924 0.2911940 0.2818486 0.0459846 0.0906117 0.0832676 0.0000000 0.2911403 0.2917474 0.2874857 0.2713098 0.3863934 0.8542787 0.7512604 0.4325780 0.4359851 0.4317090 0.3290375 0.3460281 0.3089818 0.3352913 0.3467893 0.3438765 0.3701129 0.3550568 0.3817981 0.3490843 0.3183466 0.3194412 0.3059529 0.3031213 0.2936416 0.2856283 0.0870547 0.0832676 0.3137568 0.3135492 0.2973989 0.2950829 0.6176155 0.6139600 
THECC15400  0.3154423 1.9569177 2.1682339 1.0645860 0.5898987 0.4335674 0.4388259 0.4778603 0.4298417 0.4295929 0.4293494 0.4293494 0.4705218 0.4801517 0.4682396 0.6041877 0.5278012 0.4410150 0.4421467 0.2550982 0.2445216 0.2290993 0.2179839 0.2158974 0.2257040 0.2169690 0.2247566 0.3207372 0.3216007 0.3028414 0.2911403 0.0000000 0.0742344 0.0790665 0.1843000 0.3828797 0.8836699 0.7726911 0.4738471 0.4772204 0.4723931 0.3572564 0.3413843 0.2685385 0.2685088 0.3184280 0.3042847 0.3320915 0.3301496 0.3347293 0.3285939 0.3843660 0.2580733 0.2354959 0.2449932 0.2166008 0.1970223 0.3202822 0.3028414 0.0871099 0.0876243 0.0823449 0.0864440 0.6407206 0.6374509 
GOSAR26029  0.3077633 2.0316708 2.1643083 1.0480388 0.5855039 0.4310355 0.4363652 0.4635163 0.4271025 0.4271712 0.4269304 0.4269304 0.4674116 0.4754339 0.4690232 0.6030368 0.5116704 0.4519791 0.4458124 0.2465609 0.2530046 0.2240494 0.2103184 0.2080803 0.2339692 0.2193468 0.2329841 0.3136289 0.3172900 0.2936518 0.2917474 0.0742344 0.0000000 0.0087984 0.2040339 0.3994112 0.8608038 0.7689074 0.4770379 0.4779521 0.4755712 0.3518927 0.3410459 0.2807442 0.2921333 0.3194465 0.3066861 0.3451886 0.3328264 0.3516959 0.3312527 0.3880791 0.2606125 0.2256963 0.2390808 0.2349970 0.2132773 0.3159699 0.2936518 0.1082841 0.1110770 0.0087778 0.0154730 0.6237657 0.6205286 
GOSRA07582  0.3029449 2.0090764 2.1643749 1.0443943 0.5951720 0.4284132 0.4337930 0.4685461 0.4245305 0.4245990 0.4243601 0.4243601 0.4642979 0.4809765 0.4663962 0.6057727 0.5107248 0.4493737 0.4431920 0.2471224 0.2522051 0.2271545 0.2051963 0.2083267 0.2342531 0.2130418 0.2324101 0.3087483 0.3131322 0.2913398 0.2874857 0.0790665 0.0087984 0.0000000 0.2067455 0.3940691 0.8659531 0.7759597 0.4720125 0.4729181 0.4705594 0.3525711 0.3449152 0.2738521 0.2857542 0.3182592 0.3129657 0.3456066 0.3268115 0.3521237 0.3252642 0.3871391 0.2608673 0.2259705 0.2449117 0.2352833 0.2135320 0.3118109 0.2913398 0.1132876 0.1161074 0.0131788 0.0065914 0.6252947 0.6220496 
VITVI03028  0.2948037 2.0071999 2.1760489 0.9785951 0.5198455 0.3971612 0.3966695 0.4253367 0.3877912 0.3858559 0.3874573 0.3874573 0.4327352 0.4033492 0.4059270 0.5153807 0.4424925 0.4201846 0.4024022 0.1770264 0.2024881 0.1894440 0.1695367 0.1675833 0.1739404 0.1763934 0.1251869 0.2864330 0.2859113 0.2735498 0.2713098 0.1843000 0.2040339 0.2067455 0.0000000 0.3280414 0.7531614 0.6797019 0.4112186 0.4144389 0.4099573 0.3018203 0.2720576 0.2239666 0.2259184 0.2294081 0.2053686 0.2321102 0.2327118 0.2374253 0.2298794 0.3602721 0.2361198 0.1811054 0.1926885 0.1881583 0.1662813 0.2829776 0.2735498 0.2102156 0.2062502 0.2122259 0.2099630 0.6202433 0.6170004 
AMBTC26541  0.4465895 1.9840056 2.1655685 1.0166662 0.5801564 0.4795274 0.4914358 0.5483238 0.4815591 0.4814998 0.4834405 0.4834405 0.5368810 0.4920750 0.4833107 0.6220963 0.5281283 0.5053746 0.4951924 0.3708395 0.3814184 0.3700502 0.3575013 0.3557782 0.3475676 0.3536938 0.3440340 0.4359377 0.4193156 0.4127335 0.3863934 0.3828797 0.3994112 0.3940691 0.3280414 0.0000000 0.9192246 0.8295192 0.4916076 0.4916951 0.4904006 0.4254451 0.3806459 0.3605298 0.3793624 0.4261526 0.4019342 0.4175495 0.4308230 0.4330498 0.4257529 0.4620604 0.3647705 0.3744104 0.4013808 0.3888643 0.3652504 0.4196425 0.4127335 0.4139609 0.3950290 0.4071017 0.4014741 0.6282804 0.6286931 
PHYPA08669  0.9176780 2.2958837 2.5013931 1.0450686 0.6771031 0.8598792 0.8730244 1.0487698 0.8720253 0.8739373 0.8669042 0.8669042 0.9043152 0.9792900 0.8703434 1.2034010 0.8157363 0.9048170 0.8675093 0.7750306 0.8510412 0.8785143 0.8421126 0.8287685 0.8283218 0.8472483 0.8672054 0.9130587 0.8995517 0.8727620 0.8542787 0.8836699 0.8608038 0.8659531 0.7531614 0.9192246 0.0000000 0.1994755 0.8791647 0.8888421 0.8763823 0.8520965 0.8432504 0.7489528 0.8111344 0.8185724 0.8018943 0.8242153 0.8011020 0.8476189 0.7984554 1.0968688 0.8470009 0.8538307 0.8668109 0.8537468 0.8782761 0.8985319 0.8727620 0.8763136 0.8760555 0.8606064 0.8597078 0.7922135 0.7906226 
PHYPA17812  0.8332339 2.1103905 2.1831687 1.0078380 0.5664833 0.8000774 0.8155306 0.9128829 0.8081944 0.8142157 0.8118351 0.8118351 0.8249858 0.8450689 0.8130159 0.9742914 0.7474632 0.8280516 0.8090195 0.7075995 0.7691951 0.7847703 0.7718591 0.7500111 0.7649849 0.7374136 0.7733783 0.8159218 0.8269565 0.8038571 0.7512604 0.7726911 0.7689074 0.7759597 0.6797019 0.8295192 0.1994755 0.0000000 0.8154106 0.8222052 0.8129412 0.8064171 0.7687847 0.6838215 0.7281118 0.7353924 0.7230793 0.7378866 0.7364547 0.7434671 0.7435884 0.9101684 0.7453699 0.7628158 0.7749310 0.7512817 0.7631527 0.8261556 0.8038571 0.8017068 0.7954126 0.7735237 0.7742745 0.6815704 0.6806350 
WHEAT100525 0.4739406 2.0918768 2.2015459 1.1047189 0.6743227 0.1293563 0.1355566 0.2036970 0.1276533 0.1278645 0.1331891 0.1331891 0.1305265 0.0859444 0.0173815 0.1038638 0.0628513 0.1400426 0.1275698 0.4081196 0.4241363 0.3959824 0.4146598 0.4115465 0.4066569 0.4082283 0.3912224 0.4837997 0.4464731 0.4638698 0.4325780 0.4738471 0.4770379 0.4720125 0.4112186 0.4916076 0.8791647 0.8154106 0.0000000 0.0108456 0.0086489 0.3914985 0.3833651 0.3537909 0.3912314 0.4528445 0.4610767 0.4640699 0.4598118 0.4670317 0.4489014 0.5855622 0.4379667 0.4269273 0.4327060 0.4531945 0.4275123 0.4538840 0.4638698 0.4849979 0.4816098 0.4795706 0.4736631 0.7136981 0.7095452 
WHEAT106035 0.4769781 2.0846078 2.1619953 1.1209572 0.6823398 0.1319126 0.1381043 0.2104165 0.1301729 0.1303888 0.1357331 0.1357331 0.1306236 0.0924035 0.0195855 0.1073567 0.0688910 0.1426247 0.1301221 0.4122578 0.4281543 0.3995331 0.4182691 0.4151341 0.4102157 0.4115976 0.3943924 0.4868666 0.4494712 0.4669118 0.4359851 0.4772204 0.4779521 0.4729181 0.4144389 0.4916951 0.8888421 0.8222052 0.0108456 0.0000000 0.0064866 0.3943593 0.3861622 0.3571432 0.3944026 0.4566067 0.4657460 0.4674669 0.4636199 0.4704344 0.4526646 0.5903865 0.4425302 0.4305711 0.4363722 0.4572625 0.4315608 0.4568978 0.4669118 0.4899240 0.4865325 0.4804907 0.4745744 0.7255873 0.7213996 
WHEAT111315 0.4730949 2.0735655 2.1784658 1.1055075 0.6673241 0.1266748 0.1328759 0.2032820 0.1250121 0.1252183 0.1305154 0.1305154 0.1244613 0.0857733 0.0151653 0.0968016 0.0657597 0.1373198 0.1249064 0.4068288 0.4231855 0.3947797 0.4137412 0.4106385 0.4054306 0.4069777 0.3902945 0.4829291 0.4456845 0.4630399 0.4317090 0.4723931 0.4755712 0.4705594 0.4099573 0.4904006 0.8763823 0.8129412 0.0086489 0.0064866 0.0000000 0.3914617 0.3825494 0.3525120 0.3899214 0.4514574 0.4600236 0.4629648 0.4583945 0.4659206 0.4475213 0.5836802 0.4364613 0.4256321 0.4313918 0.4518029 0.4262128 0.4530786 0.4630399 0.4850251 0.4816365 0.4780942 0.4722008 0.7151166 0.7109660 
MUSAM00602  0.3612437 2.1105918 1.9665512 1.0772650 0.6034831 0.3825774 0.3756767 0.4143954 0.3650091 0.3603065 0.3666735 0.3666735 0.3950536 0.4033174 0.3858194 0.5048413 0.4207521 0.4061371 0.3911403 0.3324322 0.3068905 0.3194828 0.3244456 0.3291083 0.3178902 0.3130316 0.2944296 0.3563878 0.3430915 0.3504458 0.3290375 0.3572564 0.3518927 0.3525711 0.3018203 0.4254451 0.8520965 0.8064171 0.3914985 0.3943593 0.3914617 0.0000000 0.1514384 0.3329932 0.3599057 0.3613332 0.3712213 0.4093239 0.3580159 0.4120972 0.3562944 0.4743834 0.3570925 0.3375535 0.3521152 0.3588772 0.3241793 0.3446987 0.3504458 0.3739267 0.3642677 0.3599572 0.3584467 0.6648039 0.6684018 
MUSAM24871  0.3593638 1.9860256 1.9602055 1.0594251 0.5622644 0.3692009 0.3637898 0.4142882 0.3538377 0.3520753 0.3583565 0.3583565 0.3846595 0.3945925 0.3821111 0.4970629 0.4072262 0.4029442 0.3828874 0.3089608 0.2860652 0.2668127 0.2883273 0.2922115 0.2876090 0.3225404 0.2832630 0.3550475 0.3256666 0.3298701 0.3460281 0.3413843 0.3410459 0.3449152 0.2720576 0.3806459 0.8432504 0.7687847 0.3833651 0.3861622 0.3825494 0.1514384 0.0000000 0.3161770 0.3393342 0.3553823 0.3410502 0.3660963 0.3618924 0.3687903 0.3512999 0.4470441 0.3271885 0.3112880 0.3166052 0.3431185 0.3304136 0.3271934 0.3298701 0.3323908 0.3285987 0.3524828 0.3487363 0.6393120 0.6389675 
CHEQI10632  0.3375844 1.9881145 1.9675572 0.9741387 0.5544576 0.3479811 0.3549092 0.3913107 0.3482976 0.3515263 0.3515263 0.3515263 0.3770005 0.3489640 0.3557322 0.4069039 0.3678218 0.3638400 0.3481835 0.2624343 0.2672923 0.2715748 0.2841317 0.2840334 0.2656791 0.2463838 0.2712410 0.3188433 0.3198098 0.3115819 0.3089818 0.2685385 0.2807442 0.2738521 0.2239666 0.3605298 0.7489528 0.6838215 0.3537909 0.3571432 0.3525120 0.3329932 0.3161770 0.0000000 0.0379166 0.2913205 0.2903113 0.3108226 0.2973355 0.3119334 0.2956331 0.2859104 0.2708319 0.2871285 0.3022465 0.2580096 0.2441312 0.3236012 0.3115819 0.2850270 0.2813501 0.2808912 0.2781908 0.5526118 0.5530615 
CHEQI30689  0.3563102 2.0449180 2.1365712 1.0298946 0.5671304 0.3847961 0.3872988 0.4426249 0.3777021 0.3807037 0.3841249 0.3841249 0.4148409 0.4060695 0.3929802 0.4646168 0.4238539 0.4073502 0.3868916 0.2638462 0.2829606 0.3055008 0.2973603 0.2971955 0.2894888 0.2587134 0.2787685 0.3425820 0.3545609 0.3406855 0.3352913 0.2685088 0.2921333 0.2857542 0.2259184 0.3793624 0.8111344 0.7281118 0.3912314 0.3944026 0.3899214 0.3599057 0.3393342 0.0379166 0.0000000 0.3046021 0.3031553 0.3311213 0.3054262 0.3331661 0.3038246 0.3620208 0.3242890 0.3147783 0.3258834 0.2801798 0.2623029 0.3548710 0.3406855 0.2891331 0.2857691 0.2952742 0.2960651 0.5846230 0.5850507 
NICAT16631  0.3598617 2.0938232 2.1069560 1.0800190 0.6139469 0.4689686 0.4577869 0.5204116 0.4592221 0.4542601 0.4548250 0.4548250 0.4895704 0.4655071 0.4473496 0.5636194 0.4709477 0.4647544 0.4489012 0.2695162 0.2807051 0.2764978 0.2689711 0.2693901 0.2753055 0.2685726 0.2526651 0.3626534 0.3526549 0.3439807 0.3467893 0.3184280 0.3194465 0.3182592 0.2294081 0.4261526 0.8185724 0.7353924 0.4528445 0.4566067 0.4514574 0.3613332 0.3553823 0.2913205 0.3046021 0.0000000 0.1889444 0.1948401 0.0991041 0.1994666 0.0841626 0.4509050 0.3160787 0.2754771 0.2956028 0.3222291 0.2943118 0.3495572 0.3439807 0.3244641 0.3193047 0.3305526 0.3215616 0.7037705 0.6997177 
NICAT18457  0.3718829 1.9609303 2.2605002 1.0179902 0.6040560 0.4758098 0.4660816 0.5209889 0.4655791 0.4612772 0.4630901 0.4630901 0.5090803 0.4540926 0.4563869 0.5861816 0.4938479 0.4788088 0.4731307 0.2744995 0.2885361 0.2808374 0.2688356 0.2618842 0.2683135 0.2777222 0.2517306 0.3680299 0.3607756 0.3481000 0.3438765 0.3042847 0.3066861 0.3129657 0.2053686 0.4019342 0.8018943 0.7230793 0.4610767 0.4657460 0.4600236 0.3712213 0.3410502 0.2903113 0.3031553 0.1889444 0.0000000 0.0842612 0.2065301 0.0919344 0.2038542 0.4290678 0.2917307 0.2779896 0.2969133 0.3008753 0.2749099 0.3576502 0.3481000 0.3150545 0.3098027 0.3177125 0.3136549 0.6828570 0.6802315 
SOLLC15020  0.3989505 1.9982927 2.3151703 1.0611601 0.6188802 0.4830204 0.4778691 0.5574124 0.4774291 0.4751478 0.4748660 0.4748660 0.5217113 0.4894988 0.4582936 0.5926771 0.5149210 0.4905732 0.4829135 0.2933066 0.2979630 0.3008059 0.2858774 0.2902749 0.2920515 0.2766863 0.2630921 0.3855240 0.3837985 0.3708555 0.3701129 0.3320915 0.3451886 0.3456066 0.2321102 0.4175495 0.8242153 0.7378866 0.4640699 0.4674669 0.4629648 0.4093239 0.3660963 0.3108226 0.3311213 0.1948401 0.0842612 0.0000000 0.2201704 0.0174559 0.2204431 0.4531240 0.3165480 0.2898653 0.3122712 0.3347988 0.3003971 0.3806143 0.3708555 0.3536250 0.3430763 0.3566944 0.3463675 0.7081508 0.7054418 
SOLLC33232  0.3662826 1.9965825 2.1088486 1.0557531 0.6268549 0.4806237 0.4700482 0.5264649 0.4740921 0.4690166 0.4670694 0.4670694 0.5045043 0.4762166 0.4542478 0.5768255 0.4835872 0.4850852 0.4719748 0.2988897 0.3095944 0.2754104 0.2719395 0.2717496 0.2797399 0.2922176 0.2691037 0.3638985 0.3545329 0.3446527 0.3550568 0.3301496 0.3328264 0.3268115 0.2327118 0.4308230 0.8011020 0.7364547 0.4598118 0.4636199 0.4583945 0.3580159 0.3618924 0.2973355 0.3054262 0.0991041 0.2065301 0.2201704 0.0000000 0.2304766 0.0177888 0.4603838 0.3256613 0.2745970 0.2964550 0.3424496 0.3131323 0.3549165 0.3446527 0.3432271 0.3292437 0.3405945 0.3301950 0.7190701 0.7194959 
SOLTU18916  0.4089244 2.0134651 2.3182985 1.0676663 0.6301147 0.4822228 0.4818141 0.5572783 0.4766543 0.4743775 0.4787953 0.4787953 0.5205060 0.4907214 0.4612430 0.5983135 0.5231528 0.4881866 0.4829597 0.2989143 0.2973137 0.3066735 0.2928615 0.2972649 0.3008257 0.2798799 0.2638984 0.3917363 0.3928335 0.3822344 0.3817981 0.3347293 0.3516959 0.3521237 0.2374253 0.4330498 0.8476189 0.7434671 0.4670317 0.4704344 0.4659206 0.4120972 0.3687903 0.3119334 0.3331661 0.1994666 0.0919344 0.0174559 0.2304766 0.0000000 0.2307777 0.4632094 0.3255555 0.2933463 0.3160630 0.3406617 0.3058842 0.3896233 0.3822344 0.3566588 0.3495627 0.3632708 0.3528980 0.7146143 0.7118763 
SOLTU41163  0.3581840 2.0189797 2.1216784 1.0699620 0.6261727 0.4595537 0.4529106 0.5053811 0.4567872 0.4518327 0.4499572 0.4499572 0.4978073 0.4540030 0.4434058 0.5608620 0.4706074 0.4640201 0.4510787 0.2955414 0.3052744 0.2658347 0.2623565 0.2622113 0.2700991 0.2908395 0.2650939 0.3558039 0.3464669 0.3366508 0.3490843 0.3285939 0.3312527 0.3252642 0.2298794 0.4257529 0.7984554 0.7435884 0.4489014 0.4526646 0.4475213 0.3562944 0.3512999 0.2956331 0.3038246 0.0841626 0.2038542 0.2204431 0.0177888 0.2307777 0.0000000 0.4511734 0.3169988 0.2707395 0.2797385 0.3314176 0.3114313 0.3468402 0.3366508 0.3358570 0.3219258 0.3389860 0.3286317 0.7146395 0.7150635 
MEDTR01861  0.4695900 2.1694931 2.2680863 1.2050745 0.6905848 0.5391192 0.5617591 0.5059816 0.5509753 0.5551252 0.5555493 0.5555493 0.6358075 0.4590265 0.5809584 0.6281253 0.5407423 0.5679352 0.5593061 0.3913400 0.4108466 0.2697616 0.3302304 0.2743988 0.2733804 0.3649084 0.3523712 0.4706318 0.4545619 0.4374601 0.3183466 0.3843660 0.3880791 0.3871391 0.3602721 0.4620604 1.0968688 0.9101684 0.5855622 0.5903865 0.5836802 0.4743834 0.4470441 0.2859104 0.3620208 0.4509050 0.4290678 0.4531240 0.4603838 0.4632094 0.4511734 0.0000000 0.0350469 0.3202939 0.2922434 0.3971972 0.3784444 0.4550683 0.4374601 0.4300888 0.3949106 0.3982529 0.3936656 0.7614093 0.7576981 
MEDTR02355  0.3319169 2.0212534 1.9877539 1.0666304 0.5637110 0.4067880 0.4167697 0.4537788 0.4070842 0.4098814 0.4104250 0.4104250 0.4574337 0.4590265 0.4343483 0.5309253 0.4734080 0.4199346 0.4106076 0.2614842 0.2806574 0.1488807 0.1708861 0.1569635 0.1581405 0.2344855 0.2309454 0.3308521 0.3216494 0.3048610 0.3194412 0.2580733 0.2606125 0.2608673 0.2361198 0.3647705 0.8470009 0.7453699 0.4379667 0.4425302 0.4364613 0.3570925 0.3271885 0.2708319 0.3242890 0.3160787 0.2917307 0.3165480 0.3256613 0.3255555 0.3169988 0.0350469 0.0000000 0.1753991 0.1645384 0.2648553 0.2488324 0.3220256 0.3048610 0.2768115 0.2671853 0.2693223 0.2668020 0.6042257 0.6006653 
SOYBN43261  0.3240066 1.9990245 2.0622329 1.0586909 0.5391664 0.3954511 0.4082825 0.4423019 0.3977398 0.3972363 0.3989984 0.3989984 0.4506244 0.4144967 0.4211044 0.5423817 0.4709032 0.4162611 0.3945551 0.2913597 0.2348216 0.1084236 0.1059469 0.0676702 0.1181458 0.2001632 0.1892602 0.3174588 0.3016805 0.3038064 0.3059529 0.2354959 0.2256963 0.2259705 0.1811054 0.3744104 0.8538307 0.7628158 0.4269273 0.4305711 0.4256321 0.3375535 0.3112880 0.2871285 0.3147783 0.2754771 0.2779896 0.2898653 0.2745970 0.2933463 0.2707395 0.3202939 0.1753991 0.0000000 0.0494224 0.2503885 0.2288887 0.3077445 0.3038064 0.3036463 0.2550111 0.2339925 0.2319194 0.6498530 0.6465545 
SOYBN46193  0.3291115 1.9863063 2.1103424 1.0987274 0.5538977 0.3948843 0.4041150 0.4316877 0.3937989 0.3932949 0.3948247 0.3948247 0.4458929 0.4131735 0.4262489 0.5480293 0.4739322 0.4183860 0.3922703 0.2704304 0.2484110 0.1116229 0.0706915 0.0682198 0.1317354 0.2193986 0.1961354 0.3270179 0.3213852 0.3111840 0.3031213 0.2449932 0.2390808 0.2449117 0.1926885 0.4013808 0.8668109 0.7749310 0.4327060 0.4363722 0.4313918 0.3521152 0.3166052 0.3022465 0.3258834 0.2956028 0.2969133 0.3122712 0.2964550 0.3160630 0.2797385 0.2922434 0.1645384 0.0494224 0.0000000 0.2623921 0.2400084 0.3217195 0.3111840 0.2636525 0.2671692 0.2475500 0.2510082 0.6436264 0.6403401 
MANES01912  0.3173845 1.8974002 2.0943395 1.0266117 0.5543900 0.4255309 0.4319074 0.4463396 0.4218360 0.4219046 0.4224398 0.4224398 0.4671741 0.4344414 0.4441256 0.5536581 0.4641745 0.4381235 0.4156243 0.2633849 0.2374677 0.2460132 0.2427906 0.2334251 0.2272557 0.1601930 0.2232307 0.3191203 0.3311999 0.3180903 0.2936416 0.2166008 0.2349970 0.2352833 0.1881583 0.3888643 0.8537468 0.7512817 0.4531945 0.4572625 0.4518029 0.3588772 0.3431185 0.2580096 0.2801798 0.3222291 0.3008753 0.3347988 0.3424496 0.3406617 0.3314176 0.3971972 0.2648553 0.2503885 0.2623921 0.0000000 0.0873369 0.3254038 0.3180903 0.2501874 0.2475325 0.2450778 0.2385698 0.6900330 0.6865944 
MANES32093  0.3072482 1.8897047 2.1103934 1.0211809 0.5443410 0.4062451 0.4058087 0.4331316 0.3954905 0.3949840 0.3966000 0.3966000 0.4365111 0.4271706 0.4221853 0.5350214 0.4521781 0.4317858 0.4094818 0.2476004 0.2112811 0.2198403 0.2194858 0.2105038 0.1991343 0.1346114 0.1925853 0.3088062 0.3271444 0.3117373 0.2856283 0.1970223 0.2132773 0.2135320 0.1662813 0.3652504 0.8782761 0.7631527 0.4275123 0.4315608 0.4262128 0.3241793 0.3304136 0.2441312 0.2623029 0.2943118 0.2749099 0.3003971 0.3131323 0.3058842 0.3114313 0.3784444 0.2488324 0.2288887 0.2400084 0.0873369 0.0000000 0.3182325 0.3117373 0.2352933 0.2321247 0.2231414 0.2193788 0.6672863 0.6639350 
BRANA17396  0.0880667 1.9142592 2.1048743 1.0912140 0.6342604 0.4538576 0.4423518 0.4985350 0.4378704 0.4381064 0.4393935 0.4393935 0.4575702 0.4626769 0.4487208 0.5506434 0.4659541 0.4747051 0.4545953 0.2911053 0.2734517 0.2944455 0.2914001 0.2930716 0.2879245 0.3072093 0.2867031 0.0884177 0.0065172 0.0352951 0.0870547 0.3202822 0.3159699 0.3118109 0.2829776 0.4196425 0.8985319 0.8261556 0.4538840 0.4568978 0.4530786 0.3446987 0.3271934 0.3236012 0.3548710 0.3495572 0.3576502 0.3806143 0.3549165 0.3896233 0.3468402 0.4550683 0.3220256 0.3077445 0.3217195 0.3254038 0.3182325 0.0000000 0.0352951 0.3339702 0.3260843 0.3221807 0.3183805 0.7222992 0.7187667 
BRANA67935  0.0866908 1.9465135 2.1433869 1.0741792 0.6204344 0.4485706 0.4363450 0.4830876 0.4326778 0.4329106 0.4333861 0.4333861 0.4555762 0.4610130 0.4586677 0.5669288 0.4831917 0.4820152 0.4654650 0.2764156 0.2822764 0.2827878 0.2787130 0.2804537 0.2772805 0.3040454 0.2774728 0.0847250 0.0352815 0.0000010 0.0832676 0.3028414 0.2936518 0.2913398 0.2735498 0.4127335 0.8727620 0.8038571 0.4638698 0.4669118 0.4630399 0.3504458 0.3298701 0.3115819 0.3406855 0.3439807 0.3481000 0.3708555 0.3446527 0.3822344 0.3366508 0.4374601 0.3048610 0.3038064 0.3111840 0.3180903 0.3117373 0.0352951 0.0000000 0.3166710 0.3088673 0.3014908 0.2977417 0.7092725 0.7057738 
COCAP02093  0.3387854 2.1293557 2.2394020 1.1119651 0.6226436 0.4421647 0.4403827 0.4506720 0.4352116 0.4311168 0.4308715 0.4308715 0.4768231 0.4607878 0.4808482 0.6112830 0.5118147 0.4569357 0.4496343 0.2909384 0.2695812 0.2397808 0.2911220 0.2376205 0.2495994 0.2331952 0.2472484 0.3322936 0.3368676 0.3166710 0.3137568 0.0871099 0.1082841 0.1132876 0.2102156 0.4139609 0.8763136 0.8017068 0.4849979 0.4899240 0.4850251 0.3739267 0.3323908 0.2850270 0.2891331 0.3244641 0.3150545 0.3536250 0.3432271 0.3566588 0.3358570 0.4300888 0.2768115 0.3036463 0.2636525 0.2501874 0.2352933 0.3339702 0.3166710 0.0000000 0.0448548 0.1181275 0.1209499 0.6493292 0.6460250 
