152
ORYLA15750 0.0000000 0.7333862 0.6405983 0.6406714 0.1405499 0.0418003 0.0361948 0.0533014 0.0534247 0.0653983 0.0589145 0.0054842 0.0646598 0.0959278 0.0616792 0.0617564 0.0474440 0.0362284 0.0591956 0.0828171 0.1184112 0.1289461 0.1385003 0.0914834 0.2106638 0.3171067 0.2607316 0.3335007 0.3367127 0.3249885 0.3175279 0.3205139 0.3098782 0.3139564 0.3074487 0.3228870 0.3168302 0.3251113 0.3141984 0.3172764 0.3139293 0.3145651 0.3183068 0.3183068 0.3145651 0.3121031 0.2427399 0.3136884 0.3282238 0.3136884 0.3153185 0.3108104 0.3705494 0.3124133 0.2607617 0.2608433 0.3183709 0.3152133 0.3503246 0.3155237 0.3212575 0.3140955 0.3552457 0.3158637 0.3221266 0.2426669 0.3155140 0.2927195 0.3452280 0.3349683 0.4878301 0.1941626 0.1983202 0.3383285 0.4985071 0.2081450 0.1895986 0.2987391 1.2401049 0.7034758 0.5368805 0.7003314 0.6144156 0.7203753 0.7284075 0.6395545 0.6729900 0.7114492 0.7509636 0.7774284 0.8015738 0.7559149 0.7532397 0.7741143 0.7762489 0.7785231 0.7785231 0.7775209 0.7775209 0.7775209 0.7811322 0.7836839 0.7680744 0.7802427 0.7839841 0.7839841 0.7881545 0.7655109 0.7566386 0.7097635 0.7304150 0.7241644 0.6855725 0.6949181 0.6650162 0.5792452 0.5523216 0.6941425 0.7289441 0.5253631 0.5550812 0.6716777 0.7068949 0.5602587 1.0799115 0.8297976 0.8297976 0.7105568 0.7566578 0.6812600 0.6295179 0.6295179 1.4824207 1.2517128 1.1941759 1.6461667 1.4879919 1.2773846 1.1877452 1.0969312 0.9736895 1.0892945 0.9559283 1.1955650 1.1101990 1.1329996 1.0646410 1.1984899 1.0761397 1.0575460 1.2206931 1.0877644 
BRAFL14244 0.7333862 0.0000000 0.7816157 0.9333402 0.7310781 0.7308770 0.7376411 0.7192865 0.7309082 0.7354974 0.7313631 0.7367217 0.7447572 0.7874707 0.7376064 0.7356648 0.7295583 0.7375614 0.7324911 0.7228781 0.6655174 0.7281381 0.7352239 0.7249881 0.7342822 0.7690896 0.7214267 0.7836996 0.7168843 0.8118115 0.7776562 0.7745787 0.7727150 0.7842023 0.7763300 0.7636146 0.7691489 0.7679098 0.7652307 0.7766920 0.7667045 0.7682968 0.7699400 0.7699400 0.7682968 0.7563881 0.6960467 0.7713682 0.7931106 0.7713682 0.7706028 0.7789472 0.8475287 0.7728646 0.7138070 0.7170648 0.7815678 0.7682311 0.7886526 0.7632599 0.7557482 0.7593668 0.7987021 0.7698081 0.8056136 0.6928686 0.7677614 0.7605355 0.7769277 0.8028584 1.0597418 0.6728683 0.7168855 1.0048170 1.0243066 0.7382674 0.6776464 0.7832516 1.1946456 0.7803630 0.6127662 0.7580783 0.7496929 0.7867543 0.8898527 0.7755387 0.8444459 0.8455246 0.8662325 0.7915909 0.8489176 0.8409019 0.7780855 0.7992349 0.8287831 0.8262446 0.8262446 0.8251960 0.8251960 0.8251960 0.8242282 0.8209491 0.8264641 0.8280946 0.8626893 0.8626893 0.8573576 0.8285429 0.8417040 0.8140128 0.7775217 0.7797574 0.7747575 0.8089982 0.7931450 0.7282752 0.6942031 0.8265877 0.8408499 0.6480648 0.6737627 0.7947254 0.7809828 0.7193094 1.1585630 0.8445328 0.8445328 0.8177393 0.7970163 0.7396743 0.7660097 0.7660097 1.5952956 1.1459159 1.1912033 1.6744064 1.4330786 1.2217755 1.1630500 1.1355758 0.9920500 1.1849471 1.0660892 1.2797444 1.1623965 1.1225636 1.0264432 1.1557719 1.0776483 1.0669591 1.2110348 1.1370690 
PETMA08585 0.6405983 0.7816157 0.0000000 0.3375424 0.5990952 0.6195700 0.6281865 0.6296128 0.6288096 0.6408529 0.6479578 0.6439377 0.6288610 0.6394087 0.6302665 0.6244701 0.6194325 0.6183567 0.6164784 0.6020803 0.6327545 0.6365166 0.6161587 0.6200172 0.6327554 0.6117987 0.6164040 0.6103973 0.6005253 0.6474888 0.6093746 0.6198977 0.6034197 0.6106797 0.6203275 0.6109095 0.6106797 0.6108837 0.6106797 0.6161980 0.6106797 0.6106797 0.6106797 0.6106797 0.6106797 0.4801256 0.6106797 0.6106797 0.6284510 0.6106797 0.6106797 0.6120778 0.6927886 0.6106797 0.6106797 0.6106797 0.6106797 0.6106797 0.5953438 0.6106797 0.6147468 0.6108837 0.6231360 0.6106797 0.5844668 0.6106797 0.6065469 0.5824187 0.6162751 0.6128454 0.9450063 0.6067152 0.6109267 0.8308105 0.5901274 0.6214975 0.6403066 0.6519661 1.4002988 0.7347038 0.8187618 0.7684926 0.7794640 0.9008994 0.8789841 0.8775314 0.9063014 0.8978085 0.9341386 0.9923101 0.8575842 0.8577421 0.8267751 0.8576324 0.8700588 0.8722995 0.8722995 0.8707126 0.8707126 0.8707126 0.8769728 0.8539730 0.8570295 0.8751133 0.8685360 0.8685360 0.8697827 0.8629624 0.8577421 0.8191847 0.8492921 0.8298430 0.7691827 0.7874763 0.7140578 0.7797863 0.7431298 0.7870187 0.7669284 0.7441826 0.7860230 0.7912582 0.7684599 0.7881762 1.2478162 0.8835285 0.8835285 0.8253768 0.8527163 0.8359788 0.8232136 0.8232136 1.5131156 1.3865219 1.4329128 1.7156546 1.5777842 1.3415662 1.2429749 1.0064302 1.0276383 1.1155431 1.1131083 1.2197196 1.1317447 1.1506483 1.0248854 1.2268676 1.1115656 1.0687458 1.2267629 1.0879422 
EPTBU11138 0.6406714 0.9333402 0.3375424 0.0000000 0.6580440 0.6408980 0.6450696 0.6556844 0.6550380 0.6808194 0.6660112 0.6431579 0.6481172 0.7081409 0.6443549 0.6400326 0.6446755 0.6376395 0.6594720 0.6486555 0.6632326 0.6582236 0.6414211 0.6675298 0.6681100 0.6710046 0.6640860 0.6582997 0.5808120 0.6982874 0.6638521 0.6769558 0.6656216 0.6574964 0.6722973 0.6695922 0.6694093 0.6695760 0.6648523 0.6684761 0.6648523 0.6648523 0.6648523 0.6648523 0.6648523 0.6683211 0.6401567 0.6648523 0.6783190 0.6648523 0.6648523 0.6659579 0.7390375 0.6696942 0.6594965 0.6546947 0.6703014 0.6696942 0.6832208 0.6708359 0.6732665 0.6698612 0.7233150 0.6696942 0.7155714 0.6449782 0.6614900 0.6964058 0.6766698 0.6805665 1.0049538 0.6448372 0.6720925 0.8341555 0.8478657 0.6601403 0.6422419 0.6953548 1.3310171 0.8051881 0.7321368 0.9180843 0.8563627 0.9433085 0.9411954 0.8374523 0.8806714 0.8867892 0.8901122 0.9365703 0.9266381 0.8319151 0.8190097 0.8363858 0.8365070 0.8400978 0.8400978 0.8389244 0.8389244 0.8389244 0.8407444 0.8453652 0.8467339 0.8421708 0.8419136 0.8419136 0.8466922 0.8333930 0.8319151 0.8207460 0.8628488 0.8355217 0.8345869 0.8385677 0.7962003 0.7680635 0.7570742 0.8552385 0.8280680 0.6891833 0.7412309 0.8249270 0.8593494 0.7736631 1.2110171 0.9403116 0.9403116 0.8551986 0.8651985 0.8340368 0.8428642 0.8428642 1.5986257 1.3684804 1.4342276 1.7563905 1.6365853 1.4703771 1.3959504 1.0533559 1.1143028 1.2121915 1.1261521 1.3047933 1.2190628 1.2044535 1.1031457 1.2633039 1.1268512 1.2176470 1.2995505 1.1253904 
LEPOC12555 0.1405499 0.7310781 0.5990952 0.6580440 0.0000000 0.1236685 0.1251079 0.1252457 0.1254121 0.1473570 0.1462141 0.1405643 0.1521388 0.1841954 0.1492815 0.1461600 0.1298822 0.1219407 0.1304447 0.1298422 0.1309228 0.1562692 0.1775613 0.1221307 0.1790525 0.2705719 0.2016419 0.2761446 0.2701441 0.2808398 0.2646262 0.2700196 0.2605976 0.2660898 0.2660243 0.2674243 0.2672604 0.2748288 0.2644532 0.2661364 0.2640489 0.2646028 0.2682016 0.2682016 0.2646028 0.2666130 0.1831261 0.2655348 0.2796160 0.2655348 0.2652258 0.2639346 0.3288039 0.2606915 0.2005060 0.2006825 0.2640806 0.2650087 0.2981159 0.2650738 0.2646163 0.2640473 0.2988996 0.2669952 0.2844167 0.1829650 0.2688087 0.2482298 0.2905046 0.2767842 0.3988817 0.1400992 0.1464380 0.2836717 0.4532462 0.1694606 0.1565757 0.2881540 1.2327822 0.7026130 0.5333613 0.6915658 0.6510698 0.7129649 0.7322475 0.6354079 0.6745389 0.7135383 0.7613995 0.7870416 0.8047940 0.7479612 0.7520507 0.7731405 0.7919754 0.7822462 0.7852334 0.7812281 0.7812281 0.7812281 0.7807892 0.7833770 0.7716568 0.7839972 0.7755547 0.7755547 0.7877431 0.7576296 0.7486833 0.7073439 0.7383843 0.7255502 0.6769111 0.7179360 0.6731388 0.6042239 0.5718937 0.6997161 0.7405254 0.5344893 0.5725106 0.6708652 0.6775562 0.5690863 1.0631216 0.8295776 0.8295776 0.7502772 0.7620495 0.7137666 0.6340540 0.6340540 1.5442089 1.2135276 1.1703895 1.6279693 1.5399970 1.3211081 1.1925890 1.0636064 1.0251030 1.1102843 0.9848250 1.2807581 1.1265866 1.1422079 1.0328154 1.2333244 1.1086301 1.1103774 1.2789422 1.0917839 
ANATE20543 0.0418003 0.7308770 0.6195700 0.6408980 0.1236685 0.0000000 0.0165663 0.0220582 0.0250686 0.0393773 0.0416881 0.0476799 0.0424368 0.0659955 0.0303747 0.0304118 0.0109814 0.0082312 0.0333724 0.0593348 0.1004174 0.1094996 0.1186496 0.0669254 0.1912520 0.2976309 0.2380040 0.3092348 0.3052951 0.3028610 0.2945621 0.2973206 0.2870453 0.2910652 0.2931750 0.2998578 0.2939264 0.3020172 0.2912580 0.2943433 0.2910192 0.2916179 0.2952936 0.2952936 0.2916179 0.2924199 0.2193623 0.2907627 0.3050593 0.2907627 0.2923109 0.2929448 0.3480618 0.2894216 0.2371528 0.2372226 0.2951352 0.2922208 0.3263293 0.2925099 0.2970169 0.2911739 0.3310757 0.2928178 0.3062583 0.2193004 0.2959762 0.2680106 0.3142268 0.3068402 0.4499028 0.1714871 0.1765902 0.3106681 0.4811253 0.1850482 0.1847483 0.2945430 1.2251120 0.6786541 0.5331931 0.6829557 0.6109488 0.7193503 0.7402084 0.6459707 0.6655128 0.7145894 0.7475020 0.7625466 0.8085523 0.7520010 0.7466024 0.7673995 0.7695339 0.7717781 0.7717781 0.7707825 0.7707825 0.7707825 0.7743784 0.7728745 0.7653997 0.7734796 0.7747269 0.7747269 0.7870189 0.7630370 0.7527181 0.7174170 0.7267662 0.7177954 0.6846258 0.6876763 0.6604100 0.5718724 0.5451870 0.6927125 0.7223760 0.5170935 0.5446321 0.6762417 0.7097261 0.5587632 1.0898569 0.8341901 0.8341901 0.7309818 0.7613784 0.6774549 0.6309296 0.6309296 1.4751667 1.2375325 1.1777308 1.6438168 1.4882586 1.2778650 1.1860454 1.0958605 0.9493163 1.0939018 0.9529269 1.1994931 1.0973350 1.1114335 1.0439285 1.1943467 1.0677915 1.0455678 1.2185792 1.0842772 
SERDU11331 0.0361948 0.7376411 0.6281865 0.6450696 0.1251079 0.0165663 0.0000000 0.0165525 0.0250118 0.0509971 0.0475047 0.0420337 0.0445953 0.0753977 0.0361088 0.0361523 0.0221208 0.0082644 0.0335048 0.0654795 0.1032518 0.1060550 0.1218958 0.0760723 0.1939632 0.3022008 0.2423677 0.3140832 0.3121928 0.3077798 0.2991218 0.3019309 0.2915635 0.2956034 0.2977513 0.3044411 0.2984727 0.3066173 0.2958060 0.2988962 0.2955608 0.2961682 0.2998643 0.2998643 0.2961682 0.2977461 0.2238108 0.2953067 0.3096790 0.2953067 0.2968745 0.2924501 0.3569850 0.2939764 0.2416828 0.2417550 0.2997497 0.2967813 0.3261848 0.2970752 0.3018338 0.2957181 0.3359489 0.2973900 0.3118260 0.2237468 0.3005612 0.2769209 0.3230964 0.3155983 0.4507971 0.1724949 0.1775799 0.3069595 0.4803933 0.1882374 0.1813438 0.3058439 1.2306974 0.6841369 0.5391977 0.6894540 0.6159215 0.7203821 0.7432289 0.6487073 0.6682889 0.7174455 0.7564955 0.7697567 0.8107502 0.7542531 0.7544340 0.7753512 0.7774888 0.7797717 0.7797717 0.7787669 0.7787669 0.7787669 0.7823860 0.7808854 0.7733643 0.7814971 0.7825444 0.7825444 0.7893004 0.7653283 0.7549747 0.7209654 0.7272941 0.7240838 0.6847918 0.6884510 0.6540118 0.5778680 0.5490438 0.6943412 0.7232124 0.5172909 0.5466532 0.6736839 0.7076117 0.5644266 1.0887178 0.8254738 0.8254738 0.7319752 0.7708022 0.6821060 0.6342280 0.6342280 1.4844725 1.2383505 1.1787327 1.6420074 1.5009864 1.2835100 1.1862267 1.0820977 0.9644505 1.0953976 0.9489078 1.2074568 1.0962469 1.1196216 1.0395948 1.1998292 1.0756057 1.0528166 1.2348320 1.0822345 
SCOMX02445 0.0533014 0.7192865 0.6296128 0.6556844 0.1252457 0.0220582 0.0165525 0.0000000 0.0307023 0.0565881 0.0530236 0.0592948 0.0557463 0.0778155 0.0472192 0.0472764 0.0276136 0.0192832 0.0390141 0.0652804 0.1100357 0.1152981 0.1275445 0.0817672 0.1912425 0.2913248 0.2316234 0.3026149 0.2969983 0.3033330 0.2882523 0.2909569 0.2807487 0.2847645 0.2868339 0.2935458 0.2876312 0.2956949 0.2849450 0.2880413 0.2847135 0.2853037 0.2889728 0.2889728 0.2853037 0.2838709 0.2127309 0.2844524 0.2987282 0.2844524 0.2859823 0.2866057 0.3453785 0.2830880 0.2305235 0.2305904 0.2887528 0.2858959 0.3143814 0.2861800 0.2939244 0.2848655 0.3245497 0.2864801 0.3066704 0.2126718 0.2896396 0.2613025 0.3077626 0.3004253 0.4449874 0.1650854 0.1704756 0.3067233 0.4736475 0.1790891 0.1783473 0.3055720 1.2211204 0.6798140 0.5495388 0.6825639 0.6167021 0.7183917 0.7467752 0.6537584 0.6731964 0.7223449 0.7611803 0.7669377 0.8121446 0.7542213 0.7544014 0.7752799 0.7774136 0.7796920 0.7796920 0.7786891 0.7786891 0.7786891 0.7823015 0.7808035 0.7732964 0.7814140 0.7824607 0.7824607 0.7892040 0.7652763 0.7549415 0.7249330 0.7378753 0.7320857 0.6951644 0.6986431 0.6664382 0.5888139 0.5601773 0.7016039 0.7311468 0.5210110 0.5527585 0.6783185 0.7051736 0.5607626 1.0737398 0.8168900 0.8168900 0.7290567 0.7548705 0.6870530 0.6448827 0.6448827 1.4860695 1.2389169 1.1643916 1.6281415 1.5035346 1.2734608 1.1793005 1.0822634 0.9628716 1.0812972 0.9622568 1.1954990 1.0949156 1.1025221 1.0396640 1.1881405 1.0749910 1.0637466 1.2217460 1.0887792 
GASAC11689 0.0534247 0.7309082 0.6288096 0.6550380 0.1254121 0.0250686 0.0250118 0.0307023 0.0000000 0.0570809 0.0621372 0.0533076 0.0591362 0.0874882 0.0505097 0.0478292 0.0306851 0.0222626 0.0422310 0.0693686 0.1069363 0.1095103 0.1284142 0.0771009 0.1949217 0.3079080 0.2477194 0.3201581 0.3191189 0.3139090 0.3047376 0.3076887 0.2971904 0.3012610 0.3034600 0.3100954 0.3041448 0.3123687 0.3014765 0.3045773 0.3012229 0.3018419 0.3055690 0.3055690 0.3018419 0.3045965 0.2292307 0.3009715 0.3154596 0.3009715 0.3025660 0.2980953 0.3631844 0.2996525 0.2472406 0.2473159 0.3055094 0.3024688 0.3372996 0.3027692 0.3031021 0.3013837 0.3420839 0.3030931 0.3185008 0.2291637 0.3062851 0.2785997 0.3249469 0.3173979 0.4555797 0.1804271 0.1851881 0.3167036 0.4880535 0.1892849 0.1892996 0.3121343 1.2177899 0.7008440 0.5453989 0.6868329 0.6220308 0.7257010 0.7481795 0.6449330 0.6644991 0.7135893 0.7400865 0.7740057 0.8150187 0.7646376 0.7649759 0.7859636 0.7880955 0.7904199 0.7904199 0.7894075 0.7894075 0.7894075 0.7930416 0.7915520 0.7840028 0.7921696 0.7931805 0.7931805 0.7999931 0.7757589 0.7653710 0.7311724 0.7376438 0.7331286 0.6948822 0.7048796 0.6763592 0.5909373 0.5643934 0.7072137 0.7312126 0.5286989 0.5641863 0.6827554 0.7103313 0.5775689 1.0884101 0.8347530 0.8347530 0.7558766 0.7639909 0.7013510 0.6444412 0.6444412 1.4761245 1.2620604 1.1824790 1.6441825 1.4680055 1.2808195 1.1701707 1.0928245 0.9694126 1.0823230 0.9829753 1.2153534 1.1124672 1.1189947 1.0498674 1.2053857 1.0781977 1.0572589 1.2258456 1.0942946 
TAKRU14401 0.0653983 0.7354974 0.6408529 0.6808194 0.1473570 0.0393773 0.0509971 0.0565881 0.0570809 0.0000000 0.0362486 0.0715518 0.0722126 0.1002896 0.0624448 0.0625239 0.0423623 0.0422314 0.0539160 0.0897962 0.1289221 0.1388142 0.1516179 0.0849486 0.2252790 0.3150407 0.2565485 0.3265687 0.3286532 0.3133417 0.3119154 0.3148848 0.3081012 0.3068824 0.3105839 0.3148542 0.3112240 0.3195676 0.3071115 0.3158367 0.3082829 0.3089180 0.3126930 0.3126930 0.3089180 0.3214048 0.2336806 0.3080346 0.3227034 0.3080346 0.3096663 0.3088967 0.3673838 0.3067264 0.2517869 0.2518647 0.3127028 0.3095636 0.3403650 0.3098729 0.3110849 0.3084485 0.3498452 0.3082846 0.3241603 0.2336113 0.3134351 0.2887672 0.3307615 0.3247589 0.4530192 0.1953746 0.2001805 0.3341473 0.5191945 0.2085665 0.2093017 0.3111066 1.2532588 0.7209462 0.5557592 0.7177091 0.6261352 0.7360580 0.7582323 0.6727995 0.7054073 0.7419770 0.7621762 0.8126820 0.8275132 0.7835577 0.7736399 0.7870431 0.7970908 0.7994792 0.7994792 0.7984480 0.7984480 0.7984480 0.8021395 0.8006410 0.7929758 0.8012713 0.8021762 0.8021762 0.8180947 0.7933472 0.7843207 0.7464627 0.7543348 0.7520457 0.7145152 0.7166000 0.6828814 0.5945826 0.5737240 0.7169807 0.7464130 0.5516551 0.5797026 0.7019646 0.7362593 0.5826605 1.1042723 0.8495495 0.8495495 0.7551144 0.7798841 0.6950112 0.6604693 0.6604693 1.5017937 1.2517062 1.1709922 1.6718305 1.5329333 1.3009918 1.1799380 1.1243110 0.9546807 1.0889498 0.9689811 1.2073242 1.1188610 1.1106149 1.0686829 1.1979320 1.0818647 1.0886325 1.2151227 1.0856299 
TETNG13489 0.0589145 0.7313631 0.6479578 0.6660112 0.1462141 0.0416881 0.0475047 0.0530236 0.0621372 0.0362486 0.0000000 0.0649438 0.0741733 0.1022371 0.0646814 0.0647628 0.0473165 0.0445106 0.0589759 0.0945262 0.1249132 0.1315814 0.1405128 0.0882258 0.2188766 0.3215584 0.2606279 0.3339089 0.3373157 0.3256080 0.3184437 0.3214625 0.3113769 0.3133983 0.3171468 0.3213684 0.3177380 0.3260915 0.3136407 0.3198083 0.3148144 0.3154567 0.3192306 0.3192306 0.3154567 0.3124151 0.2411303 0.3145722 0.3292310 0.3145722 0.3162185 0.3154483 0.3740516 0.3132894 0.2591927 0.2592738 0.3193043 0.3161119 0.3382652 0.3164256 0.3179607 0.3149825 0.3565016 0.3148267 0.3285077 0.2410578 0.3199878 0.2941061 0.3388610 0.3328414 0.4533813 0.1949012 0.1990230 0.3304138 0.5049405 0.2050399 0.1992840 0.2905466 1.2464405 0.7010915 0.5488038 0.6912772 0.6172021 0.7315173 0.7305214 0.6468299 0.6764337 0.7184571 0.7436669 0.7806926 0.8095358 0.7696267 0.7506437 0.7638737 0.7754851 0.7777690 0.7777690 0.7767618 0.7767618 0.7767618 0.7803922 0.7829577 0.7713387 0.7794966 0.7790995 0.7790995 0.7947522 0.7792561 0.7703650 0.7262002 0.7354734 0.7302753 0.7035022 0.6965262 0.6632448 0.5819868 0.5596908 0.7054306 0.7401261 0.5348078 0.5635329 0.6854077 0.7246974 0.5692906 1.0783909 0.8495241 0.8495241 0.7250371 0.7746845 0.6865446 0.6448771 0.6448771 1.4771257 1.2252705 1.1666035 1.6485164 1.4984193 1.2891600 1.1878046 1.1213732 0.9780306 1.0840325 0.9652892 1.1987686 1.1225299 1.1187723 1.0586845 1.1792650 1.0726763 1.0715229 1.2264685 1.0830459 
ORYME05386 0.0054842 0.7367217 0.6439377 0.6431579 0.1405643 0.0476799 0.0420337 0.0592948 0.0533076 0.0715518 0.0649438 0.0000000 0.0707406 0.1024044 0.0677231 0.0678090 0.0533687 0.0420725 0.0652566 0.0870369 0.1256733 0.1358000 0.1385137 0.0958814 0.2145949 0.3217464 0.2651863 0.3384411 0.3430184 0.3250715 0.3221713 0.3252096 0.3144798 0.3185773 0.3120470 0.3275532 0.3214594 0.3297956 0.3188302 0.3219124 0.3185543 0.3191987 0.3229612 0.3229612 0.3191987 0.3180150 0.2472886 0.3183164 0.3329293 0.3183164 0.3199659 0.3154257 0.3756061 0.3170515 0.2653915 0.2654757 0.3230708 0.3198574 0.3558952 0.3201727 0.3213325 0.3187232 0.3602097 0.3205200 0.3222220 0.2472132 0.3201659 0.2975553 0.3501244 0.3397782 0.4826930 0.1983488 0.2023341 0.3455399 0.5045611 0.2120737 0.1937433 0.3001531 1.2338634 0.7057783 0.5325166 0.7026106 0.6187318 0.7215553 0.7313637 0.6420768 0.6754473 0.7138626 0.7410335 0.7846944 0.8066046 0.7608310 0.7582133 0.7791530 0.7812882 0.7835856 0.7835856 0.7825782 0.7825782 0.7825782 0.7862021 0.7887616 0.7731172 0.7853194 0.7889963 0.7889963 0.7932056 0.7704584 0.7615615 0.7144998 0.7352806 0.7289894 0.6902281 0.6995340 0.6697522 0.5817899 0.5549211 0.6964402 0.7312819 0.5309607 0.5583074 0.6762019 0.7116639 0.5628112 1.0759228 0.8291111 0.8291111 0.7187104 0.7560627 0.6807382 0.6341567 0.6341567 1.4612965 1.2609063 1.1895164 1.6401135 1.4828629 1.2705817 1.1842251 1.1037893 0.9762528 1.0919818 0.9577661 1.1982519 1.1095603 1.1356338 1.0711870 1.2011123 1.0787142 1.0570214 1.2232987 1.0903734 
NOTFU23826 0.0646598 0.7447572 0.6288610 0.6481172 0.1521388 0.0424368 0.0445953 0.0557463 0.0591362 0.0722126 0.0741733 0.0707406 0.0000000 0.0762409 0.0451422 0.0451977 0.0481338 0.0360084 0.0532030 0.0943323 0.1311362 0.1365975 0.1431011 0.1033729 0.2267677 0.3187304 0.2592823 0.3313150 0.3206973 0.3195482 0.3161054 0.3190725 0.3084763 0.3125443 0.3148109 0.3214523 0.3154127 0.3236691 0.3127827 0.3158564 0.3125160 0.3131485 0.3168801 0.3168801 0.3131485 0.3197272 0.2408197 0.3122744 0.3267723 0.3122744 0.3138969 0.3145715 0.3775052 0.3109975 0.2587336 0.2588138 0.3169303 0.3137929 0.3513406 0.3141015 0.3160225 0.3126813 0.3536937 0.3144389 0.3257354 0.2407479 0.3140909 0.3025967 0.3418237 0.3341462 0.4763078 0.1923956 0.1993673 0.3406344 0.5005469 0.2037848 0.1986007 0.3139719 1.2171801 0.6790465 0.5336061 0.6909505 0.6144064 0.7244621 0.7383179 0.6427253 0.6604027 0.7093763 0.7548105 0.7559202 0.8036660 0.7449895 0.7528487 0.7736241 0.7757492 0.7780111 0.7780111 0.7776482 0.7776482 0.7776482 0.7806079 0.7791148 0.7716454 0.7797217 0.7808854 0.7808854 0.7849404 0.7559544 0.7456961 0.7176380 0.7193621 0.7269048 0.6825243 0.6835256 0.6561412 0.5833515 0.5510255 0.6978566 0.7237611 0.5199439 0.5487915 0.6667143 0.6988937 0.5616652 1.0969911 0.8542754 0.8542754 0.7460330 0.7755664 0.6861600 0.6306058 0.6306058 1.5087544 1.2328019 1.1973565 1.6097047 1.5151739 1.2928499 1.2097149 1.1140283 0.9899867 1.0808523 0.9574111 1.2057009 1.1126219 1.1129486 1.0465963 1.1948945 1.0585099 1.0646410 1.2270869 1.0673973 
CYPVA01614 0.0959278 0.7874707 0.6394087 0.7081409 0.1841954 0.0659955 0.0753977 0.0778155 0.0874882 0.1002896 0.1022371 0.1024044 0.0762409 0.0000000 0.0601892 0.0602659 0.0688157 0.0662910 0.0906520 0.1226368 0.1606789 0.1693522 0.1767558 0.1293055 0.2597001 0.3525260 0.2916780 0.3589751 0.3286001 0.3490419 0.3421000 0.3453720 0.3342118 0.3383995 0.3317588 0.3475892 0.3413240 0.3499167 0.3387022 0.3418072 0.3383952 0.3390781 0.3429389 0.3429389 0.3390781 0.3522962 0.2659672 0.3381712 0.3531522 0.3381712 0.3399073 0.3406418 0.3997251 0.3369463 0.2843945 0.2844898 0.3394382 0.3397833 0.3870456 0.3401206 0.3472839 0.3385760 0.3816211 0.3405006 0.3601257 0.2658815 0.3437705 0.3266793 0.3687639 0.3606729 0.4831262 0.2227213 0.2260320 0.3775959 0.4998569 0.2351355 0.2365885 0.3565586 1.3086172 0.7192229 0.5895065 0.7297287 0.6662202 0.7764413 0.7936516 0.7121361 0.7208856 0.7789215 0.8157887 0.7739769 0.8653433 0.8095121 0.8024563 0.8240299 0.8288395 0.8313680 0.8313680 0.8303083 0.8303083 0.8303083 0.8340678 0.8325941 0.8248008 0.8332447 0.8319289 0.8319289 0.8448355 0.8210120 0.8103097 0.7760974 0.7797645 0.7726312 0.7535794 0.7424023 0.7114363 0.6311762 0.6074561 0.7495463 0.7834825 0.5456310 0.5737440 0.7343687 0.7676346 0.6083850 1.1118976 0.8881685 0.8881685 0.7836747 0.8093281 0.7304505 0.6994063 0.6994063 1.4851345 1.3210101 1.2505574 1.6393810 1.5075619 1.2768895 1.2040665 1.1703106 1.0292330 1.0930855 1.0038993 1.2533990 1.1539761 1.1805577 1.1181471 1.2555573 1.1474308 1.0975187 1.2970997 1.1138792 
POEFO08422 0.0616792 0.7376064 0.6302665 0.6443549 0.1492815 0.0303747 0.0361088 0.0472192 0.0505097 0.0624448 0.0646814 0.0677231 0.0451422 0.0601892 0.0000000 0.0054740 0.0359508 0.0276043 0.0531602 0.0853905 0.1229224 0.1337444 0.1426699 0.0935631 0.2121115 0.3118821 0.2524935 0.3162624 0.3198605 0.3070642 0.3018176 0.3046457 0.2942639 0.2982999 0.3004621 0.3071302 0.3011629 0.3093080 0.2985077 0.3015888 0.2982596 0.2988697 0.3025636 0.3025636 0.2988697 0.3065267 0.2262962 0.2980079 0.3123696 0.2980079 0.2995812 0.3002287 0.3557905 0.2961198 0.2435934 0.2441797 0.3018936 0.2989141 0.3338076 0.2992231 0.3040615 0.2978484 0.3380407 0.2995254 0.3103435 0.2257479 0.3032663 0.2827220 0.3249668 0.3174868 0.4621348 0.1795044 0.1845972 0.3136876 0.4865514 0.1980758 0.1924496 0.3158134 1.2180917 0.6777290 0.5270955 0.6912074 0.6158826 0.7323188 0.7433851 0.6516181 0.6691054 0.7180266 0.7527041 0.7563410 0.8039386 0.7462072 0.7460967 0.7667847 0.7703271 0.7725658 0.7725658 0.7715734 0.7715734 0.7715734 0.7751566 0.7736593 0.7662110 0.7742625 0.7738516 0.7738516 0.7860696 0.7571467 0.7469131 0.7122347 0.7219494 0.7183386 0.6931755 0.6809971 0.6527326 0.5722368 0.5482058 0.6912722 0.7191555 0.5202797 0.5477725 0.6732426 0.7075158 0.5604881 1.0750096 0.8552793 0.8552793 0.7303974 0.7651225 0.6773073 0.6391218 0.6391218 1.4961374 1.2214014 1.1676174 1.6383797 1.5042555 1.2780536 1.1875823 1.1003453 0.9636181 1.0863656 0.9467936 1.2031701 1.0944413 1.1149220 1.0376164 1.1999844 1.0745709 1.0536964 1.2243598 1.0820166 
XIPMA14314 0.0617564 0.7356648 0.6244701 0.6400326 0.1461600 0.0304118 0.0361523 0.0472764 0.0478292 0.0625239 0.0647628 0.0678090 0.0451977 0.0602659 0.0054740 0.0000000 0.0359946 0.0276370 0.0532260 0.0827580 0.1196817 0.1307051 0.1398679 0.0905984 0.2088873 0.3083319 0.2489323 0.3125452 0.3151336 0.3029615 0.2988407 0.3010706 0.2907315 0.2947632 0.2969018 0.3041587 0.2976280 0.3057541 0.2949638 0.2980499 0.2947201 0.2953252 0.2990136 0.2990136 0.2953252 0.3020779 0.2226323 0.2944658 0.3088090 0.2944658 0.2960283 0.2966697 0.3520729 0.2925706 0.2399213 0.2404997 0.2983141 0.2953683 0.3296811 0.2956740 0.3003310 0.2943122 0.3343663 0.2959721 0.3056990 0.2220919 0.2997070 0.2789645 0.3213331 0.3138831 0.4620574 0.1759872 0.1812284 0.3136007 0.4825142 0.1947974 0.1889237 0.3128374 1.2168717 0.6737591 0.5242293 0.6892053 0.6135754 0.7301375 0.7413365 0.6491705 0.6667613 0.7158368 0.7505782 0.7533384 0.8020199 0.7441432 0.7439993 0.7647374 0.7682885 0.7705262 0.7705262 0.7695322 0.7695322 0.7695322 0.7731236 0.7716196 0.7641538 0.7722235 0.7718417 0.7718417 0.7840845 0.7551069 0.7448490 0.7101016 0.7197952 0.7161963 0.6909800 0.6788299 0.6503912 0.5695826 0.5454311 0.6891295 0.7170359 0.5167748 0.5443381 0.6710542 0.7053524 0.5577838 1.0693756 0.8534360 0.8534360 0.7261381 0.7630046 0.6729009 0.6367182 0.6367182 1.4924586 1.2252235 1.1733219 1.6393824 1.5045018 1.2824413 1.1905585 1.0992158 0.9687633 1.0878895 0.9473220 1.2061980 1.0943887 1.1164379 1.0375190 1.2029468 1.0760125 1.0533538 1.2273709 1.0834820 
ORENI22030 0.0474440 0.7295583 0.6194325 0.6446755 0.1298822 0.0109814 0.0221208 0.0276136 0.0306851 0.0423623 0.0473165 0.0533687 0.0481338 0.0688157 0.0359508 0.0359946 0.0000000 0.0137403 0.0389924 0.0650825 0.1003881 0.1094697 0.1246233 0.0728077 0.2011899 0.3086399 0.2488641 0.3208451 0.3199989 0.3115712 0.3055639 0.3084287 0.2979898 0.3020346 0.3042244 0.3108861 0.3048993 0.3130741 0.3022503 0.3053299 0.3019974 0.3026135 0.3063175 0.3063175 0.3026135 0.2970915 0.2305565 0.3017482 0.3161465 0.3017482 0.3033347 0.3039894 0.3597924 0.3004405 0.2484326 0.2485078 0.3062655 0.3032376 0.3389119 0.3035367 0.3086241 0.3021575 0.3426217 0.3038595 0.3115819 0.2304895 0.3070309 0.2795816 0.3255873 0.3180814 0.4613499 0.1820709 0.1867233 0.3194975 0.4945031 0.1949637 0.1954021 0.2983959 1.2333443 0.6937517 0.5378346 0.6888993 0.6155545 0.7233173 0.7536839 0.6588059 0.6781884 0.7274163 0.7606883 0.7550086 0.8033900 0.7647912 0.7537517 0.7746526 0.7767892 0.7790680 0.7790680 0.7780643 0.7780643 0.7780643 0.7816803 0.7801798 0.7726651 0.7807907 0.7819473 0.7819473 0.7943182 0.7759176 0.7655251 0.7298660 0.7291510 0.7303586 0.6968926 0.6997269 0.6728636 0.5823503 0.5557239 0.7060157 0.7329378 0.5299019 0.5576961 0.6881968 0.7222493 0.5724380 1.0812775 0.8284903 0.8284903 0.7359410 0.7555595 0.6715032 0.6432560 0.6432560 1.4721352 1.2614193 1.1899143 1.6465864 1.5038738 1.2849697 1.1935907 1.0989499 0.9495366 1.1082539 0.9533926 1.2116680 1.0933485 1.1145579 1.0533432 1.2069104 1.0742969 1.0545652 1.2314251 1.1016096 
AMPOC23802 0.0362284 0.7375614 0.6183567 0.6376395 0.1219407 0.0082312 0.0082644 0.0192832 0.0222626 0.0422314 0.0445106 0.0420725 0.0360084 0.0662910 0.0276043 0.0276370 0.0137403 0.0000000 0.0249725 0.0594158 0.1036642 0.1064497 0.1156378 0.0698805 0.1946601 0.2974652 0.2378511 0.3090589 0.3058268 0.3026681 0.2943970 0.2971535 0.2868819 0.2909010 0.2930093 0.2996916 0.2937618 0.3018504 0.2910934 0.2941784 0.2908548 0.2914532 0.2951280 0.2951280 0.2914532 0.2917203 0.2192098 0.2905983 0.3048918 0.2905983 0.2921457 0.2927791 0.3517916 0.2892568 0.2369942 0.2370639 0.2949680 0.2920557 0.3257648 0.2923446 0.2968424 0.2910094 0.3308992 0.2926522 0.3058943 0.2191480 0.2958101 0.2719959 0.3181446 0.3107164 0.4501162 0.1683000 0.1735479 0.3065446 0.4809127 0.1884518 0.1815666 0.3020528 1.2268033 0.6832822 0.5322686 0.6880463 0.6095498 0.7179089 0.7358552 0.6401137 0.6597922 0.7088302 0.7475835 0.7644279 0.8087556 0.7505901 0.7507149 0.7715598 0.7736944 0.7759571 0.7759571 0.7749575 0.7749575 0.7749575 0.7785629 0.7770618 0.7695682 0.7776699 0.7788645 0.7788645 0.7855950 0.7616244 0.7513059 0.7174353 0.7237014 0.7217878 0.6813639 0.6863014 0.6589690 0.5758185 0.5470325 0.6925535 0.7209380 0.5155345 0.5441726 0.6708221 0.7040962 0.5597501 1.0805795 0.8297944 0.8297944 0.7270026 0.7657816 0.6732493 0.6307745 0.6307745 1.4754956 1.2428370 1.1851428 1.6315265 1.4931675 1.2787231 1.1877874 1.0942161 0.9477209 1.0915698 0.9537414 1.2071309 1.1024414 1.1168718 1.0510296 1.1995243 1.0730604 1.0499676 1.2261347 1.0830090 
HIPCM16637 0.0591956 0.7324911 0.6164784 0.6594720 0.1304447 0.0333724 0.0335048 0.0390141 0.0422310 0.0539160 0.0589759 0.0652566 0.0532030 0.0906520 0.0531602 0.0532260 0.0389924 0.0249725 0.0000000 0.0769160 0.1167542 0.1192218 0.1304050 0.0838314 0.2016954 0.2958113 0.2343432 0.3067020 0.3084470 0.3002823 0.2927337 0.2954836 0.2852015 0.2878633 0.2913340 0.2956391 0.2921007 0.3002040 0.2880499 0.2925166 0.2891830 0.2897807 0.2934639 0.2934639 0.2897807 0.2850729 0.2155889 0.2889244 0.3032511 0.2889244 0.2904713 0.2897239 0.3502024 0.2875731 0.2333511 0.2334192 0.2932872 0.2903821 0.3194324 0.2906705 0.2950964 0.2893373 0.3292759 0.2891549 0.2983839 0.2155287 0.2941436 0.2650353 0.3162889 0.3104444 0.4534342 0.1652514 0.1731338 0.3179012 0.4921024 0.1959917 0.1850093 0.2951720 1.2348353 0.6794960 0.5442931 0.6855990 0.6098531 0.7262717 0.7422904 0.6420094 0.6617368 0.7109743 0.7516159 0.7698680 0.7979007 0.7469355 0.7430577 0.7638752 0.7660159 0.7682511 0.7682511 0.7678870 0.7678870 0.7678870 0.7708545 0.7693439 0.7618625 0.7699482 0.7712435 0.7712435 0.7818535 0.7579486 0.7476469 0.7142817 0.7247896 0.7288568 0.6838471 0.6872461 0.6598770 0.5771981 0.5483754 0.6872831 0.7130731 0.5063148 0.5377495 0.6660722 0.6965191 0.5611183 1.0991036 0.8441658 0.8441658 0.7253463 0.7609056 0.6950163 0.6322282 0.6322282 1.5160547 1.2440000 1.1859507 1.6285052 1.4992909 1.2731866 1.1788916 1.0856309 0.9772688 1.0631014 0.9707712 1.2062318 1.1200593 1.1191978 1.0364876 1.1870029 1.0776961 1.0747263 1.2164951 1.0789182 
GADMO15775 0.0828171 0.7228781 0.6020803 0.6486555 0.1298422 0.0593348 0.0654795 0.0652804 0.0693686 0.0897962 0.0945262 0.0870369 0.0943323 0.1226368 0.0853905 0.0827580 0.0650825 0.0594158 0.0769160 0.0000000 0.1101832 0.1250340 0.1343559 0.0812514 0.2092211 0.3037778 0.2437598 0.3114318 0.3083662 0.3048509 0.2968267 0.3035216 0.2931056 0.2971589 0.2993235 0.3059525 0.3000357 0.3082116 0.2973653 0.3004622 0.2971175 0.2977288 0.3014379 0.3014379 0.2977288 0.2997032 0.2250963 0.2968638 0.3112847 0.2968638 0.2984409 0.2990894 0.3582028 0.2955350 0.2430356 0.2431087 0.3013383 0.2983465 0.3383105 0.2986425 0.2990136 0.2972760 0.3376795 0.2989602 0.3084013 0.2250315 0.3021409 0.2785144 0.3165048 0.3090658 0.4504048 0.1792629 0.1843473 0.3235707 0.4953897 0.1927930 0.1893165 0.2907410 1.2320040 0.6992899 0.5522393 0.6791752 0.6321767 0.7279437 0.7582518 0.6538859 0.6890858 0.7275204 0.7778937 0.7612158 0.8192357 0.7818980 0.7810671 0.8021427 0.8042637 0.8066494 0.8066494 0.8056263 0.8056263 0.8056263 0.8092807 0.8078088 0.7961727 0.8084348 0.8065189 0.8065189 0.8108379 0.7930981 0.7826514 0.7292313 0.7481376 0.7585269 0.7012695 0.7191303 0.6943933 0.5932299 0.5680393 0.7064990 0.7393278 0.5322588 0.5542150 0.6968457 0.7087137 0.5745968 1.1180499 0.8393124 0.8393124 0.7472539 0.7662707 0.6989367 0.6460554 0.6460554 1.5381264 1.2258368 1.1944861 1.6516712 1.5004377 1.2768568 1.1796616 1.1042132 0.9461242 1.0770847 0.9842682 1.1868419 1.1394262 1.1174106 1.0379084 1.1956420 1.0893896 1.0733266 1.2318610 1.1009367 
ASTMX04760 0.1184112 0.6655174 0.6327545 0.6632326 0.1309228 0.1004174 0.1032518 0.1100357 0.1069363 0.1289221 0.1249132 0.1256733 0.1311362 0.1606789 0.1229224 0.1196817 0.1003881 0.1036642 0.1167542 0.1101832 0.0000000 0.0332697 0.0876276 0.0876319 0.1835708 0.2574893 0.2530905 0.2548543 0.2374092 0.2472292 0.2535581 0.2591386 0.2531695 0.2530358 0.2577571 0.2608636 0.2569732 0.2608485 0.2534425 0.2564389 0.2534425 0.2534425 0.2534425 0.2534425 0.2534425 0.2406356 0.2417681 0.2534425 0.2681462 0.2534425 0.2534425 0.2490062 0.3145338 0.2533656 0.2543715 0.2544490 0.2551823 0.2533656 0.2627452 0.2536318 0.2522386 0.2572321 0.2975269 0.2533656 0.2419281 0.2416960 0.2574225 0.2472943 0.2493402 0.2409367 0.4589219 0.1889306 0.1970067 0.3387633 0.4760441 0.1974768 0.1978165 0.2812204 1.2382787 0.6264227 0.5415317 0.6279379 0.5713812 0.7088506 0.6787209 0.6862740 0.7022683 0.7024768 0.7391727 0.7931984 0.7352752 0.6776719 0.6546521 0.6758049 0.6711392 0.6730813 0.6730813 0.6721211 0.6721211 0.6721211 0.6757115 0.6851156 0.6622897 0.6746249 0.6791216 0.6791216 0.6952725 0.6867621 0.6776719 0.6482035 0.6676364 0.6393703 0.6255436 0.6378475 0.6009524 0.6027578 0.5894220 0.6296904 0.6576041 0.5598923 0.5906608 0.6168835 0.6042721 0.5819184 1.1059748 0.7693913 0.7693913 0.7040475 0.7240084 0.6786491 0.6225402 0.6225402 1.4880071 1.1926097 1.1367797 1.7038247 1.5122806 1.2781784 1.2280619 0.9943753 0.9627846 1.0920147 0.9879662 1.1210071 1.0561619 1.0307466 0.9568462 1.0915049 0.9729480 1.0458430 1.1311612 1.0388313 
PYGNA01663 0.1289461 0.7281381 0.6365166 0.6582236 0.1562692 0.1094996 0.1060550 0.1152981 0.1095103 0.1388142 0.1315814 0.1358000 0.1365975 0.1693522 0.1337444 0.1307051 0.1094697 0.1064497 0.1192218 0.1250340 0.0332697 0.0000000 0.1097539 0.1138702 0.2243152 0.3089283 0.2422373 0.3349349 0.3078466 0.3038633 0.3027539 0.3085227 0.3000987 0.2983981 0.3105714 0.3022632 0.3017346 0.3098865 0.3014573 0.3054257 0.2988305 0.2994417 0.3031384 0.3031384 0.2994417 0.2996982 0.2393269 0.2985791 0.3129503 0.2985791 0.3034327 0.2991013 0.3622726 0.3024373 0.2572737 0.2573533 0.3062391 0.3032148 0.3528864 0.3035136 0.3047503 0.3041437 0.3446017 0.3054205 0.3081503 0.2392557 0.3073215 0.2918836 0.3288906 0.3471816 0.4570495 0.1863876 0.2044267 0.3696639 0.5290504 0.2152711 0.1974988 0.3130007 1.2362723 0.6970223 0.5485353 0.6966979 0.6522420 0.7349937 0.7971830 0.6842710 0.7100707 0.7559668 0.8169643 0.7896751 0.8899469 0.7700271 0.7540169 0.7749484 0.8043211 0.7835258 0.8057813 0.7825168 0.7825168 0.7825168 0.7861469 0.7956267 0.7836598 0.7852625 0.7747843 0.7747843 0.8085300 0.7811855 0.7707676 0.7293856 0.7577907 0.7669138 0.7283453 0.7667540 0.7024661 0.6087496 0.5933984 0.7273084 0.7705677 0.5578681 0.5897346 0.7009457 0.7206703 0.5916297 1.1048203 0.8573166 0.8573166 0.7495516 0.7786442 0.6937846 0.6654268 0.6654268 1.5379509 1.1908235 1.1793162 1.6703971 1.5226487 1.3053107 1.2284231 1.0907610 1.0198831 1.1095062 0.9822728 1.2111607 1.1706190 1.1164247 1.0447715 1.1878040 1.0807401 1.1456835 1.2317220 1.1322669 
ICTPU08067 0.1385003 0.7352239 0.6161587 0.6414211 0.1775613 0.1186496 0.1218958 0.1275445 0.1284142 0.1516179 0.1405128 0.1385137 0.1431011 0.1767558 0.1426699 0.1398679 0.1246233 0.1156378 0.1304050 0.1343559 0.0876276 0.1097539 0.0000000 0.1307627 0.2392003 0.3192458 0.2606686 0.3485355 0.3263657 0.3183563 0.3113517 0.3209033 0.3124337 0.3130892 0.3166805 0.3176627 0.3172626 0.3254389 0.3152518 0.3177036 0.3143996 0.3150167 0.3187122 0.3187122 0.3150167 0.3175245 0.2484989 0.3161188 0.3305338 0.3161188 0.3157617 0.3164727 0.3720393 0.3128959 0.2664260 0.2665099 0.3187793 0.3156576 0.3515850 0.3159645 0.3178092 0.3149386 0.3555965 0.3159289 0.3228631 0.2484236 0.3227929 0.3054861 0.3547947 0.3419172 0.4683653 0.1923806 0.2124404 0.3728383 0.5313678 0.2231932 0.2065934 0.3070510 1.2440439 0.6811395 0.5496728 0.6930884 0.6512761 0.7422075 0.7621499 0.6746177 0.7090102 0.7483640 0.8181345 0.7980880 0.8393885 0.7744747 0.7794274 0.8002914 0.8214706 0.8012949 0.8226611 0.7987545 0.7987545 0.7987545 0.8039048 0.8024373 0.7908916 0.8030562 0.7923741 0.7923741 0.7989569 0.7854498 0.7751896 0.7240127 0.7588421 0.7495318 0.7092558 0.7220417 0.6686826 0.5961166 0.5826934 0.6966255 0.7452966 0.5466213 0.5718806 0.6667932 0.7032425 0.5932139 1.0907837 0.8701276 0.8701276 0.7304314 0.7770646 0.6889761 0.6518013 0.6518013 1.5086901 1.1723547 1.1867352 1.6261183 1.5098133 1.2917337 1.2213198 1.0973059 1.0123966 1.1045667 0.9798994 1.2441187 1.1756311 1.1183106 1.0281171 1.2224635 1.0714830 1.1026227 1.2480680 1.1062809 
DANRE23133 0.0914834 0.7249881 0.6200172 0.6675298 0.1221307 0.0669254 0.0760723 0.0817672 0.0771009 0.0849486 0.0882258 0.0958814 0.1033729 0.1293055 0.0935631 0.0905984 0.0728077 0.0698805 0.0838314 0.0812514 0.0876319 0.1138702 0.1307627 0.0000000 0.2100601 0.3279698 0.2579005 0.3387069 0.3391953 0.3261963 0.3219636 0.3279325 0.3171930 0.3175047 0.3236183 0.3247313 0.3241598 0.3324921 0.3217921 0.3246148 0.3212643 0.3219111 0.3256699 0.3256699 0.3219111 0.3329945 0.2394170 0.3230514 0.3377078 0.3230514 0.3226832 0.3236264 0.3756088 0.3197756 0.2573859 0.2574657 0.3258054 0.3225731 0.3617756 0.3228900 0.3208434 0.3214341 0.3629240 0.3248909 0.3342803 0.2393457 0.3264391 0.3100974 0.3462147 0.3375641 0.4540457 0.1761436 0.1816910 0.3280558 0.5151094 0.1934453 0.1830333 0.2805332 1.2298485 0.7004949 0.5471952 0.6887081 0.6297238 0.7176545 0.7609880 0.6588298 0.6832880 0.7309836 0.7885202 0.7973708 0.8326207 0.7624075 0.7564804 0.7773749 0.8020315 0.7817949 0.8028989 0.7807903 0.7807903 0.7807903 0.7844063 0.7829102 0.7753963 0.7835220 0.7792739 0.7792739 0.8014773 0.7735052 0.7631384 0.7222123 0.7305811 0.7390633 0.6964795 0.7298556 0.6665314 0.5904651 0.5586164 0.6910693 0.7357572 0.5528787 0.5755752 0.6920540 0.7020711 0.5743598 1.0848192 0.8554681 0.8554681 0.7453991 0.7722067 0.6903451 0.6454233 0.6454233 1.5517342 1.2070748 1.1761530 1.6943805 1.5043710 1.2975192 1.1857013 1.0858484 1.0028111 1.1026859 0.9888736 1.2309442 1.1179780 1.1109964 1.0662072 1.2306881 1.1087866 1.0900362 1.2550217 1.0687075 
LATCH20192 0.2106638 0.7342822 0.6327554 0.6681100 0.1790525 0.1912520 0.1939632 0.1912425 0.1949217 0.2252790 0.2188766 0.2145949 0.2267677 0.2597001 0.2121115 0.2088873 0.2011899 0.1946601 0.2016954 0.2092211 0.1835708 0.2243152 0.2392003 0.2100601 0.0000000 0.2384751 0.1778691 0.2580054 0.2454602 0.2512106 0.2351743 0.2373432 0.2379947 0.2229032 0.2395915 0.2383539 0.2346613 0.2423203 0.2347015 0.2352109 0.2346574 0.2355305 0.2359277 0.2359277 0.2355305 0.2476373 0.1604155 0.2347420 0.2485262 0.2347420 0.2360820 0.2282057 0.3077623 0.2407141 0.1775506 0.1777055 0.2347251 0.2324209 0.2732972 0.2324793 0.2418260 0.2417964 0.2821959 0.2376631 0.2588754 0.1602756 0.2397689 0.2177600 0.2642045 0.2623039 0.3569978 0.1027136 0.1031852 0.2052313 0.3745782 0.1105073 0.1025541 0.2853208 1.1959558 0.7048548 0.5713238 0.6810804 0.6606492 0.7345237 0.7918126 0.6503884 0.7060010 0.7270699 0.8106189 0.7935838 0.8219241 0.7573044 0.7577379 0.7700210 0.7869472 0.7707695 0.7828153 0.7697572 0.7697572 0.7697572 0.7713264 0.7718834 0.7690392 0.7724984 0.7639757 0.7639757 0.7744657 0.7608956 0.7516716 0.7082324 0.7471777 0.7249684 0.7001199 0.7174094 0.6673500 0.5965048 0.5552003 0.6704828 0.7417407 0.5240026 0.5317577 0.6766981 0.7008936 0.5619839 1.1320791 0.7981533 0.7981533 0.7135456 0.7565598 0.6560311 0.6366402 0.6366402 1.5557222 1.1950402 1.1263867 1.6619082 1.5082674 1.2889926 1.1984883 1.0841765 1.0092217 1.1256645 1.0141252 1.2674408 1.0876968 1.1293239 1.0266972 1.2262238 1.1085913 1.0903945 1.2553560 1.1116491 
PROCA13731 0.3171067 0.7690896 0.6117987 0.6710046 0.2705719 0.2976309 0.3022008 0.2913248 0.3079080 0.3150407 0.3215584 0.3217464 0.3187304 0.3525260 0.3118821 0.3083319 0.3086399 0.2974652 0.2958113 0.3037778 0.2574893 0.3089283 0.3192458 0.3279698 0.2384751 0.0000000 0.0149117 0.0819251 0.0301257 0.0296348 0.0315148 0.0287982 0.0257456 0.0344436 0.0319094 0.0315441 0.0315945 0.0258122 0.0286541 0.0314740 0.0228694 0.0228915 0.0257827 0.0257827 0.0228915 0.0255239 0.0093614 0.0258666 0.0374756 0.0258666 0.0228742 0.0316336 0.0756406 0.0315748 0.0282077 0.0250740 0.0317795 0.0286648 0.1018203 0.0287120 0.0240114 0.0257618 0.0537312 0.0286551 0.0303916 0.0124819 0.0257330 0.0506186 0.0986022 0.1121720 0.3623741 0.1029649 0.1274951 0.3328278 0.4252709 0.1798690 0.1313533 0.3968228 1.2201808 0.7110381 0.5586409 0.7295977 0.6644326 0.6983476 0.7846621 0.6467248 0.7035118 0.7159811 0.7889029 0.7990961 0.8663646 0.7867991 0.7810213 0.8027938 0.8118852 0.8045494 0.8178587 0.8035034 0.8035034 0.8035034 0.8051742 0.8057453 0.7937095 0.8063920 0.8115291 0.8115291 0.8002929 0.7947921 0.7886904 0.7634328 0.7806444 0.7661195 0.7200875 0.7360271 0.6950460 0.6259790 0.5871854 0.7082067 0.7447729 0.5424791 0.5673915 0.7105346 0.7190586 0.5796085 1.0813430 0.8408769 0.8408769 0.7622823 0.7802890 0.7132198 0.6658586 0.6658586 1.6232268 1.2582218 1.2417604 1.7048251 1.5846009 1.3594359 1.2217560 1.1078736 1.0914323 1.1202378 1.0720147 1.3180641 1.2141242 1.1606634 1.0958814 1.3143462 1.1008218 1.1968419 1.3414863 1.0993132 
